##===============================================================
# GMACS 2.20.20 Data File
##===============================================================
  
  
1960 # initial (start year)
2024 # terminal (end year)
6 # Number of seasons
2 # Number of distinct data groups (fleet, among fishing fleets and surveys)
1 # Number of sexes
1 # Number of shell condition types
1 # Number of maturity types
17 # Number of size-classes in the model
5 # Season recruitment occurs
5 # Season molting and growth occurs
5 # Season to calculate SSB (changed to match Feb mating)
1 # Season for N output
# maximum size-class (males then females)
17
# size_breaks (a vector giving the break points between size intervals with dimension nclass+1, lower limits of bins)
100.5 105.5 110.5 115.5 120.5 125.5 130.5 135.5 140.5 145.5 150.5 155.5 160.5 165.5 170.5 175.5 180.5 185.5
# Natural mortality per season input type (1 = vector by season, 2 = matrix by season/year)
2
# Proportion of the total natural mortality to be applied each season
0 0.16666667 0 0.4607306 0.3726027 0 # 1960
0 0.16666667 0 0.4607306 0.3726027 0 # 1961
0 0.16666667 0 0.4607306 0.3726027 0 # 1962
0 0.16666667 0 0.4607306 0.3726027 0 # 1963
0 0.16666667 0 0.4607306 0.3726027 0 # 1964
0 0.16666667 0 0.4607306 0.3726027 0 # 1965
0 0.16666667 0 0.4607306 0.3726027 0 # 1966
0 0.16666667 0 0.4607306 0.3726027 0 # 1967
0 0.16666667 0 0.4607306 0.3726027 0 # 1968
0 0.16666667 0 0.4607306 0.3726027 0 # 1969
0 0.16666667 0 0.4607306 0.3726027 0 # 1970
0 0.16666667 0 0.4607306 0.3726027 0 # 1971
0 0.16666667 0 0.4607306 0.3726027 0 # 1972
0 0.16666667 0 0.4607306 0.3726027 0 # 1973
0 0.16666667 0 0.4607306 0.3726027 0 # 1974
0 0.16666667 0 0.4607306 0.3726027 0 # 1975
0 0.16666667 0 0.4607306 0.3726027 0 # 1976
0 0.16666667 0 0.4607306 0.3726027 0 # 1977
0 0.16666667 0 0.4607306 0.3726027 0 # 1978
0 0.16666667 0 0.4607306 0.3726027 0 # 1979
0 0.16666667 0 0.4607306 0.3726027 0 # 1980
0 0.44109589 0 0.1863014 0.3726027 0 # 1981
0 0.48219178 0 0.1452055 0.3726027 0 # 1982
0 0.48219178 0 0.1452055 0.3726027 0 # 1983
0 0.31232877 0 0.3150685 0.3726027 0 # 1984
0 0.16712329 0 0.4602740 0.3726027 0 # 1985
0 0.25205479 0 0.3753425 0.3726027 0 # 1986
0 0.08767123 0 0.5397260 0.3726027 0 # 1987
0 0.29863014 0 0.3287671 0.3726027 0 # 1988
0 0.40000000 0 0.2273973 0.3726027 0 # 1989
0 0.26301370 0 0.3643836 0.3726027 0 # 1990
0 0.27397260 0 0.3534247 0.3726027 0 # 1991
0 0.27397260 0 0.3534247 0.3726027 0 # 1992
0 0.41643836 0 0.2109589 0.3726027 0 # 1993
0 0.24657534 0 0.3808219 0.3726027 0 # 1994
0 0.22191781 0 0.4054795 0.3726027 0 # 1995
0 0.32876712 0 0.2986301 0.3726027 0 # 1996
0 0.28493151 0 0.3424658 0.3726027 0 # 1997
0 0.26301370 0 0.3643836 0.3726027 0 # 1998
0 0.24383562 0 0.3835616 0.3726027 0 # 1999
0 0.17808219 0 0.4493151 0.3726027 0 # 2000
0 0.15890411 0 0.4684932 0.3726027 0 # 2001
0 0.15616438 0 0.4712329 0.3726027 0 # 2002
0 0.15616438 0 0.4712329 0.3726027 0 # 2003
0 0.14246575 0 0.4849315 0.3726027 0 # 2004
0 0.49589041 0 0.1315068 0.3726027 0 # 2005
0 0.49589041 0 0.1315068 0.3726027 0 # 2006
0 0.49863014 0 0.1287671 0.3726027 0 # 2007
0 0.49589041 0 0.1315068 0.3726027 0 # 2008
0 0.49589041 0 0.1315068 0.3726027 0 # 2009
0 0.49589041 0 0.1315068 0.3726027 0 # 2010
0 0.49863014 0 0.1287671 0.3726027 0 # 2011
0 0.49589041 0 0.1315068 0.3726027 0 # 2012
0 0.49589041 0 0.1315068 0.3726027 0 # 2013
0 0.49589041 0 0.1315068 0.3726027 0 # 2014
0 0.45753425 0 0.1698630 0.3726027 0 # 2015
0 0.45753425 0 0.1698630 0.3726027 0 # 2016
0 0.45753425 0 0.1698630 0.3726027 0 # 2017
0 0.45753425 0 0.1698630 0.3726027 0 # 2018
0 0.43561644 0 0.1917808 0.3726027 0 # 2019
0 0.45753425 0 0.1698630 0.3726027 0 # 2020
0 0.41643836 0 0.2109589 0.3726027 0 # 2021
0 0.40821918 0 0.2191781 0.3726027 0 # 2022
0 0.44383562 0 0.1835616 0.3726027 0 # 2023
0 0.41917808 0 0.2082192 0.3726027 0 # 2024
# fleetname
Directed_Fishery GF_Bycatch
#Season type: Set to 1 for continuous F and 0 for instantanous F
1 1 1 1 1 1
  
  
##------------------------------------------------------------
##--CATCH DATA------------------------------------------------
##------------------------------------------------------------
0 #--input catch data format (0: old format, 1: new format)
3 #--Number of catch data frames
# Number of lines for each dataframe (this is not correct for retrospective analyses)
44 34 34
##  Type of catch: 1 = retained, 2 = discard, 0= total 
##  Units of catch: 1 = biomass, 2 = numbers
## Mult: 1= use data as thy are, 2 = multiply by this number (e.g., lbs to kg)
#year season fleet sex obs cv type units mult effort discard_mortality
1981 3 1 1 203.968 0.0316 1 2 1 0 0.2
1982 3 1 1 529.787 0.0316 1 2 1 0 0.2
1983 3 1 1 662.28 0.0316 1 2 1 0 0.2
1984 3 1 1 801.1 0.0316 1 2 1 0 0.2
1985 3 1 1 2955.05 0.0316 1 1 1 0 0.2
1986 3 1 1 2686.36 0.0316 1 1 1 0 0.2
1987 3 1 1 2010.2 0.0316 1 1 1 0 0.2
1988 3 1 1 2335.44 0.0316 1 1 1 0 0.2
1989 3 1 1 2665.65 0.0316 1 1 1 0 0.2
1990 3 1 1 1688.08 0.0316 1 1 1 0 0.2
1991 3 1 1 2035.44 0.0316 1 1 1 0 0.2
1992 3 1 1 2111.62 0.0316 1 1 1 0 0.2
1993 3 1 1 1439.1 0.0316 1 1 1 0 0.2
1994 3 1 1 2044.33 0.0316 1 1 1 0 0.2
1995 3 1 1 2258.56 0.0316 1 1 1 0 0.2
1996 3 1 1 1737.91 0.0316 1 1 1 0 0.2
1997 3 1 1 1588.05 0.0316 1 1 1 0 0.2
1998 3 1 1 1473.2 0.0316 1 1 1 0 0.2
1999 3 1 1 1392.48 0.0316 1 1 1 0 0.2
2000 3 1 1 1421.59 0.0316 1 1 1 0 0.2
2001 3 1 1 1441.81 0.0316 1 1 1 0 0.2
2002 3 1 1 1279.97 0.0316 1 1 1 0 0.2
2003 3 1 1 1350.37 0.0316 1 1 1 0 0.2
2004 3 1 1 1309.44 0.0316 1 1 1 0 0.2
2005 3 1 1 1300.27 0.0316 1 1 1 0 0.2
2006 3 1 1 1357.15 0.0316 1 1 1 0 0.2
2007 3 1 1 1356.24 0.0316 1 1 1 0 0.2
2008 3 1 1 1426.29 0.0316 1 1 1 0 0.2
2009 3 1 1 1429.03 0.0316 1 1 1 0 0.2
2010 3 1 1 1427.99 0.0316 1 1 1 0 0.2
2011 3 1 1 1428.98 0.0316 1 1 1 0 0.2
2012 3 1 1 1503.71 0.0316 1 1 1 0 0.2
2013 3 1 1 1546.31 0.0316 1 1 1 0 0.2
2014 3 1 1 1554.02 0.0316 1 1 1 0 0.2
2015 3 1 1 1589.68 0.0316 1 1 1 0 0.2
2016 3 1 1 1578.29 0.0316 1 1 1 0 0.2
2017 3 1 1 1571.44 0.0316 1 1 1 0 0.2
2018 3 1 1 1829.9 0.0316 1 1 1 0 0.2
2019 3 1 1 2030.63 0.0316 1 1 1 0 0.2
2020 3 1 1 1733.23 0.0316 1 1 1 0 0.2
2021 3 1 1 1706.27 0.0316 1 1 1 0 0.2
2022 3 1 1 1584.87 0.0316 1 1 1 0 0.2
2023 3 1 1 1757.94 0.0316 1 1 1 0 0.2
2024 3 1 1 1777.51 0.0316 1 1 1 0 0.2
#year season fleet sex obs cv type units mult effort discard_mortality
1990 3 1 1 3520.69 0.284 0 1 1 0 0.2
1991 3 1 1 4017.13 0.27 0 1 1 0 0.2
1992 3 1 1 5118.18 0.277 0 1 1 0 0.2
1994 3 1 1 3974.38 0.529 0 1 1 0 0.2
1995 3 1 1 4657.69 0.049 0 1 1 0 0.2
1996 3 1 1 3208.46 0.045 0 1 1 0 0.2
1997 3 1 1 2897.39 0.053 0 1 1 0 0.2
1998 3 1 1 2951.25 0.058 0 1 1 0 0.2
1999 3 1 1 2541.17 0.059 0 1 1 0 0.2
2000 3 1 1 2591.51 0.048 0 1 1 0 0.2
2001 3 1 1 2153.61 0.05 0 1 1 0 0.2
2002 3 1 1 1870.92 0.054 0 1 1 0 0.2
2003 3 1 1 1854.05 0.054 0 1 1 0 0.2
2004 3 1 1 1670.44 0.072 0 1 1 0 0.2
2005 3 1 1 1620.39 0.094 0 1 1 0 0.2
2006 3 1 1 1616.62 0.097 0 1 1 0 0.2
2007 3 1 1 1754.94 0.102 0 1 1 0 0.2
2008 3 1 1 1795.71 0.13 0 1 1 0 0.2
2009 3 1 1 1813.6 0.16 0 1 1 0 0.2
2010 3 1 1 1708.78 0.155 0 1 1 0 0.2
2011 3 1 1 1805.39 0.169 0 1 1 0 0.2
2012 3 1 1 1950.45 0.153 0 1 1 0 0.2
2013 3 1 1 1854.06 0.141 0 1 1 0 0.2
2014 3 1 1 1948.33 0.166 0 1 1 0 0.2
2015 3 1 1 2210.09 0.142 0 1 1 0 0.2
2016 3 1 1 2221 0.124 0 1 1 0 0.2
2017 3 1 1 2350 0.127 0 1 1 0 0.2
2018 3 1 1 2783.38 0.141 0 1 1 0 0.2
2019 3 1 1 3044.21 0.132 0 1 1 0 0.2
2020 3 1 1 2604.52 0.134 0 1 1 0 0.2
2021 3 1 1 2407.81 0.146 0 1 1 0 0.2
2022 3 1 1 2090.62 0.175 0 1 1 0 0.2
2023 3 1 1 2316.14 0.167 0 1 1 0 0.2
2024 3 1 1 2255.32 0.151 0 1 1 0 0.2
#year season fleet sex obs cv type units mult effort discard_mortality
1991 3 2 1 0.0692 1.3108 2 1 1 0 0.65
1992 3 2 1 0.2153 1.3108 2 1 1 0 0.61
1993 3 2 1 5.2235 1.3108 2 1 1 0 0.71
1994 3 2 1 1.8291 1.3108 2 1 1 0 0.71
1995 3 2 1 1.55 1.3108 2 1 1 0 0.78
1996 3 2 1 0.4588 1.3108 2 1 1 0 0.79
1997 3 2 1 0.174 1.3108 2 1 1 0 0.5
1998 3 2 1 1.7342 1.3108 2 1 1 0 0.52
1999 3 2 1 5.9854 1.3108 2 1 1 0 0.5
2000 3 2 1 3.3307 1.3108 2 1 1 0 0.5
2001 3 2 1 0.6075 1.3108 2 1 1 0 0.52
2002 3 2 1 42.7911 1.3108 2 1 1 0 0.5
2003 3 2 1 39.8673 1.3108 2 1 1 0 0.5
2004 3 2 1 1.3915 1.3108 2 1 1 0 0.58
2005 3 2 1 1.3855 1.3108 2 1 1 0 0.61
2006 3 2 1 42.208 1.3108 2 1 1 0 0.5
2007 3 2 1 132.0065 1.3108 2 1 1 0 0.5
2008 3 2 1 56.8871 1.3108 2 1 1 0 0.51
2009 3 2 1 30.6739 1.3108 2 1 1 0 0.57
2010 3 2 1 92.086 1.3108 2 1 1 0 0.54
2011 3 2 1 46.1757 1.3108 2 1 1 0 0.55
2012 3 2 1 12.4208 1.3108 2 1 1 0 0.76
2013 3 2 1 6.5731 1.3108 2 1 1 0 0.77
2014 3 2 1 14.2053 1.3108 2 1 1 0 0.67
2015 3 2 1 43.4311 1.3108 2 1 1 0 0.52
2016 3 2 1 189.4306 1.3108 2 1 1 0 0.5
2017 3 2 1 89.1669 1.3108 2 1 1 0 0.51
2018 3 2 1 44.8286 1.3108 2 1 1 0 0.53
2019 3 2 1 30.8591 1.3108 2 1 1 0 0.54
2020 3 2 1 248.2585 1.3108 2 1 1 0 0.51
2021 3 2 1 32.506 1.3108 2 1 1 0 0.52
2022 3 2 1 15.0156 1.3108 2 1 1 0 0.6
2023 3 2 1 15.3703 1.3108 2 1 1 0 0.57
2024 3 2 1 5.4228 1.3108 2 1 1 0 0.68
  
  
##------------------------------------------------------------
##--RELATIVE ABUNDANCE DATA-----------------------------------
##------------------------------------------------------------
0 #--input format type (0: old format, 1: new format)
3 #--Number of dataframes
# Type of 'survey' catchability (1=Selectivity; 2=Selectivity+Retention), by data frame
2 2 2
# Number of data rows, by data frame
#   NOTE: this is not correct for retrospective analyses
44
#series year season fleet sex maturity obs cv units timing
1 1995 3 1 1 0 0.9373 0.0354 2 0.5
1 1996 3 1 1 0 0.9258 0.0227 2 0.5
1 1997 3 1 1 0 0.9103 0.0224 2 0.5
1 1998 3 1 1 0 1.0498 0.0184 2 0.5
1 1999 3 1 1 0 0.9559 0.0191 2 0.5
1 2000 3 1 1 0 0.8427 0.0182 2 0.5
1 2001 3 1 1 0 0.9859 0.0172 2 0.5
1 2002 3 1 1 0 1.1028 0.0173 2 0.5
1 2003 3 1 1 0 0.9152 0.0197 2 0.5
1 2004 3 1 1 0 1.5048 0.0165 2 0.5
2 2005 3 1 1 0 1.0208 0.0267 2 0.5
2 2006 3 1 1 0 0.7491 0.0341 2 0.5
2 2007 3 1 1 0 0.8502 0.0255 2 0.5
2 2008 3 1 1 0 0.8761 0.0319 2 0.5
2 2009 3 1 1 0 0.7258 0.0493 2 0.5
2 2010 3 1 1 0 0.7133 0.0482 2 0.5
2 2011 3 1 1 0 1.0434 0.0307 2 0.5
2 2012 3 1 1 0 0.9967 0.0299 2 0.5
2 2013 3 1 1 0 0.9768 0.0292 2 0.5
2 2014 3 1 1 0 1.249 0.0243 2 0.5
2 2015 3 1 1 0 1.282 0.0208 2 0.5
2 2016 3 1 1 0 1.0349 0.0246 2 0.5
2 2017 3 1 1 0 1.0003 0.0269 2 0.5
2 2018 3 1 1 0 1.1817 0.0227 2 0.5
2 2019 3 1 1 0 1.1131 0.0231 2 0.5
2 2020 3 1 1 0 1.0052 0.0268 2 0.5
2 2021 3 1 1 0 0.9164 0.0327 2 0.5
2 2022 3 1 1 0 1.2378 0.0295 2 0.5
2 2023 3 1 1 0 1.2339 0.0266 2 0.5
2 2024 3 1 1 0 1.0884 0.0286 2 0.5
3 1985 3 1 1 0 1.5245 0.0947 2 0.5
3 1986 3 1 1 0 0.8917 0.1779 2 0.5
3 1987 3 1 1 0 0.8266 0.0951 2 0.5
3 1988 3 1 1 0 0.9649 0.0592 2 0.5
3 1989 3 1 1 0 1.109 0.0394 2 0.5
3 1990 3 1 1 0 0.9358 0.0628 2 0.5
3 1991 3 1 1 0 0.9233 0.062 2 0.5
3 1992 3 1 1 0 0.906 0.0686 2 0.5
3 1993 3 1 1 0 0.929 0.0635 2 0.5
3 1994 3 1 1 0 0.7996 0.0699 2 0.5
3 1995 3 1 1 0 0.8562 0.0681 2 0.5
3 1996 3 1 1 0 0.964 0.065 2 0.5
3 1997 3 1 1 0 1.4078 0.044 2 0.5
3 1998 3 1 1 0 1.2311 0.0527 2 0.5
  
  
##------------------------------------------------------------
##--SIZE COMPOSITION DATA-------------------------------------
##------------------------------------------------------------
0 #--input format type (0: old format, 1: new format)
2 #--Number of dataframes
# nSizeCompRows_in
40 34
# nSizeCompCols_in
17 17
## Sex: 1 = male, 2 = female, 0 = both
## Type of catch: 1 = retained, 2 = discard, 0 = total
## Shell: 1 = newshell, 2 = oldshell, 0 = both
## Maturity: 1 = immature, 2 = mature, 0 = both
## Stage1_EffN (nsamp): the stage-1 effective sample size (this can be modified in the CTL file)
 
# year season fleet sex type shell maturity nsamp data
1985 3 1 1 1 0 0  366 0.0000 0.0000 0.0000 0.00041 0.0000 0.00206 0.03998 0.11168 0.15681 0.15763 0.15970 0.13435 0.10138 0.06470 0.03688 0.01793 0.01648
1986 3 1 1 1 0 0  221 0.0000 0.0000 0.0000 0.00029 0.00059 0.00439 0.05240 0.15310 0.17447 0.19233 0.14608 0.11183 0.06909 0.04274 0.03308 0.01054 0.00907
1987 3 1 1 1 0 0  276 0.0000 0.0000 0.00250 0.0000 0.00050 0.00600 0.07396 0.16142 0.22789 0.16992 0.13443 0.08646 0.05847 0.03248 0.02299 0.01099 0.01199
1988 3 1 1 1 0 0  498 0.0000 0.0000 0.0000 0.0000 0.00026 0.00527 0.04308 0.13021 0.18550 0.17993 0.15620 0.13226 0.07234 0.04435 0.02407 0.01399 0.01255
1989 3 1 1 1 0 0  606 0.0000 0.0000 0.0000 0.00003 0.00027 0.00681 0.08799 0.21538 0.20769 0.14528 0.10384 0.07500 0.05564 0.03766 0.02586 0.01890 0.01966
1990 3 1 1 1 0 0  213 0.0000 0.00004 0.00004 0.0000 0.00049 0.00522 0.08008 0.22123 0.24731 0.17993 0.11674 0.07025 0.04259 0.02173 0.00782 0.00363 0.00291
1991 3 1 1 1 0 0  149 0.0000 0.0000 0.0000 0.0000 0.00023 0.00493 0.06168 0.19267 0.23543 0.20825 0.13106 0.08003 0.04501 0.02074 0.01105 0.00562 0.00331
1992 3 1 1 1 0 0  104 0.0000 0.0000 0.00003 0.00007 0.00034 0.00362 0.05889 0.17872 0.23804 0.19853 0.13356 0.08671 0.04942 0.02873 0.01474 0.00565 0.00297
1993 3 1 1 1 0 0  369 0.0000 0.0000 0.0000 0.0000 0.00018 0.00415 0.04105 0.20349 0.25256 0.20976 0.14150 0.07416 0.03957 0.02057 0.00895 0.00277 0.00129
1994 3 1 1 1 0 0  777 0.0000 0.0000 0.00024 0.0000 0.00018 0.00290 0.05186 0.18393 0.26184 0.20205 0.12651 0.07678 0.04558 0.02102 0.01077 0.01480 0.00154
1995 3 1 1 1 0 0 1046 0.00004 0.0000 0.00035 0.00004 0.00054 0.00347 0.05047 0.17906 0.23812 0.19566 0.13075 0.08747 0.05617 0.03261 0.01459 0.00697 0.00370
1996 3 1 1 1 0 0  615 0.0000 0.00026 0.0000 0.00102 0.00166 0.00447 0.05748 0.16311 0.21676 0.19338 0.13629 0.09171 0.06233 0.03640 0.02210 0.01009 0.00294
1997 3 1 1 1 0 0  800 0.0000 0.0000 0.0000 0.0000 0.00045 0.00390 0.06312 0.19807 0.24829 0.19192 0.12587 0.08029 0.04498 0.02444 0.01237 0.00517 0.00112
1998 3 1 1 1 0 0  605 0.0000 0.0000 0.0000 0.0000 0.00012 0.00185 0.05213 0.18511 0.22751 0.19670 0.13483 0.08787 0.05349 0.03328 0.01812 0.00592 0.00308
1999 3 1 1 1 0 0  624 0.0000 0.0000 0.0000 0.0000 0.0000 0.00262 0.05987 0.22426 0.24765 0.18424 0.11621 0.07265 0.04556 0.02647 0.01154 0.00677 0.00215
2000 3 1 1 1 0 0  545 0.0000 0.0000 0.0000 0.0000 0.0000 0.00347 0.05278 0.20375 0.24844 0.19131 0.12991 0.07802 0.04807 0.02346 0.01306 0.00498 0.00275
2001 3 1 1 1 0 0  550 0.0000 0.00020 0.0000 0.0000 0.0000 0.00204 0.04088 0.16394 0.23222 0.20012 0.15822 0.09505 0.05642 0.03046 0.01370 0.00368 0.00307
2002 3 1 1 1 0 0  497 0.00017 0.0000 0.0000 0.0000 0.0000 0.00087 0.04207 0.18261 0.23760 0.20670 0.14508 0.08764 0.04906 0.02811 0.01379 0.00489 0.00140
2003 3 1 1 1 0 0  457 0.0000 0.0000 0.0000 0.0000 0.00019 0.00172 0.03238 0.15996 0.22510 0.21341 0.14847 0.10307 0.05556 0.02950 0.01877 0.00747 0.00441
2004 3 1 1 1 0 0  333 0.0000 0.0000 0.0000 0.0000 0.0000 0.00026 0.04929 0.16025 0.23405 0.19821 0.14813 0.09884 0.05957 0.03216 0.01581 0.00290 0.00053
2005 3 1 1 1 0 0  395 0.0000 0.0000 0.0000 0.0000 0.0000 0.00065 0.01849 0.11320 0.19494 0.20824 0.18132 0.13364 0.07039 0.03990 0.02660 0.00681 0.00584
2006 3 1 1 1 0 0  297 0.0000 0.0000 0.0000 0.0000 0.0000 0.00046 0.01458 0.09476 0.16856 0.18770 0.17950 0.14761 0.10296 0.05695 0.02870 0.01093 0.00729
2007 3 1 1 1 0 0  352 0.00031 0.0000 0.0000 0.0000 0.00031 0.0000 0.02243 0.10845 0.18065 0.18095 0.16959 0.12627 0.09247 0.06390 0.03164 0.01536 0.00768
2008 3 1 1 1 0 0  310 0.0000 0.0000 0.0000 0.0000 0.0000 0.00076 0.01399 0.10132 0.19395 0.17391 0.16219 0.13459 0.08998 0.06881 0.03251 0.01550 0.01248
2009 3 1 1 1 0 0  257 0.0000 0.0000 0.0000 0.0000 0.0000 0.0000 0.01486 0.08577 0.17919 0.20425 0.17919 0.13206 0.09469 0.06539 0.02633 0.01274 0.00552
2010 3 1 1 1 0 0  272 0.0000 0.0000 0.0000 0.0000 0.0000 0.00043 0.01786 0.12287 0.18665 0.18622 0.15434 0.12670 0.08248 0.06590 0.03146 0.01361 0.01148
2011 3 1 1 1 0 0  249 0.0000 0.0000 0.0000 0.0000 0.0000 0.0000 0.00638 0.07818 0.16554 0.21141 0.17950 0.11887 0.11009 0.06542 0.03670 0.01955 0.00838
2012 3 1 1 1 0 0  277 0.0000 0.0000 0.0000 0.0000 0.0000 0.00068 0.01196 0.07656 0.16370 0.19207 0.16781 0.13500 0.10731 0.07382 0.04272 0.01982 0.00854
2013 3 1 1 1 0 0  289 0.0000 0.0000 0.0000 0.0000 0.0000 0.00156 0.01484 0.09805 0.16445 0.17813 0.18125 0.13125 0.09883 0.06367 0.03594 0.01992 0.01211
2014 3 1 1 1 0 0  200 0.0000 0.0000 0.0000 0.0000 0.0000 0.00184 0.02115 0.08276 0.16736 0.17839 0.17471 0.12322 0.10621 0.07402 0.03724 0.02299 0.01011
2015 3 1 1 1 0 0  204 0.0000 0.0000 0.0000 0.0000 0.0000 0.0000 0.01044 0.06963 0.16144 0.19365 0.15144 0.13838 0.10009 0.08007 0.04569 0.02567 0.02350
2016 3 1 1 1 0 0  271 0.0000 0.0000 0.0000 0.0000 0.0000 0.00148 0.02151 0.12236 0.18947 0.20096 0.14980 0.11680 0.08268 0.05562 0.03040 0.01743 0.01149
2017 3 1 1 1 0 0  252 0.0000 0.0000 0.0000 0.0000 0.0000 0.00038 0.02276 0.13505 0.22534 0.20751 0.17261 0.10129 0.06411 0.03642 0.01517 0.01100 0.00835
2018 3 1 1 1 0 0  255 0.0000 0.0000 0.0000 0.00037 0.0000 0.00037 0.03055 0.13066 0.24917 0.21862 0.15495 0.10085 0.05889 0.03018 0.01435 0.00773 0.00331
2019 3 1 1 1 0 0  260 0.0000 0.0000 0.0000 0.0000 0.0000 0.00101 0.03166 0.15426 0.24688 0.21893 0.14786 0.09936 0.05120 0.02661 0.01617 0.00472 0.00135
2020 3 1 1 1 0 0  286 0.0000 0.0000 0.0000 0.0000 0.00069 0.00103 0.04394 0.16203 0.25026 0.22451 0.14899 0.07896 0.04634 0.02643 0.00721 0.00755 0.00206
2021 3 1 1 1 0 0  281 0.0000 0.0000 0.0000 0.0000 0.0000 0.00073 0.01945 0.10569 0.21578 0.21798 0.15450 0.10606 0.07486 0.06018 0.02862 0.00917 0.00697
2022 3 1 1 1 0 0  238 0.0000 0.0000 0.0000 0.0000 0.0000 0.00140 0.01497 0.12208 0.22404 0.22264 0.17774 0.10337 0.06314 0.03555 0.01964 0.01076 0.00468
2023 3 1 1 1 0 0  278 0.0000 0.0000 0.0000 0.0000 0.0000 0.00037 0.01508 0.11769 0.22839 0.21846 0.17323 0.11548 0.06510 0.04009 0.01839 0.00405 0.00368
2024 3 1 1 1 0 0  247 0.0000 0.0000 0.0000 0.0000 0.0000 0.00167 0.02044 0.13559 0.23237 0.19900 0.15060 0.09387 0.08135 0.04130 0.02628 0.01043 0.00709
# year season fleet sex type shell maturity nsamp data
1990 3 1 1 0 0 0   67 0.09079 0.10935 0.11517 0.14720 0.16212 0.11226 0.08261 0.06386 0.04858 0.03421 0.01638 0.00928 0.00564 0.00127 0.00091 0.00018 0.00018
1991 3 1 1 0 0 0   44 0.05127 0.07130 0.09133 0.10878 0.12587 0.13286 0.12110 0.10511 0.08012 0.05292 0.02517 0.01599 0.01158 0.00331 0.00147 0.00129 0.00055
1992 3 1 1 0 0 0   44 0.07257 0.09420 0.09531 0.13500 0.14860 0.12189 0.09062 0.07825 0.06280 0.04624 0.02497 0.01619 0.00766 0.00297 0.00148 0.00087 0.00037
1994 3 1 1 0 0 0  121 0.10032 0.09952 0.10669 0.11067 0.12182 0.14013 0.10828 0.08201 0.06369 0.03424 0.01672 0.01354 0.00239 0.0000 0.0000 0.0000 0.0000
1995 3 1 1 0 0 0 1013 0.06678 0.07741 0.09517 0.10638 0.11549 0.12249 0.12161 0.10206 0.07647 0.05231 0.02983 0.01628 0.00894 0.00481 0.00253 0.00088 0.00054
1996 3 1 1 0 0 0  615 0.04796 0.06687 0.08596 0.10356 0.12075 0.13385 0.12860 0.10558 0.07833 0.05362 0.03222 0.01892 0.01149 0.00622 0.00370 0.00147 0.00092
1997 3 1 1 0 0 0  800 0.05149 0.06828 0.08500 0.09970 0.11329 0.12478 0.12740 0.11057 0.08425 0.05648 0.03340 0.02016 0.01233 0.00698 0.00365 0.00136 0.00086
1998 3 1 1 0 0 0  605 0.05403 0.07129 0.09222 0.10683 0.11600 0.12203 0.12116 0.10318 0.07934 0.05563 0.03309 0.02096 0.01281 0.00650 0.00325 0.00119 0.00050
1999 3 1 1 0 0 0  624 0.04707 0.06042 0.07117 0.09098 0.10467 0.11680 0.12832 0.11625 0.09480 0.06854 0.04302 0.02535 0.01648 0.00912 0.00446 0.00184 0.00069
2000 3 1 1 0 0 0  545 0.04551 0.06547 0.08578 0.09973 0.10080 0.11127 0.11866 0.11414 0.09277 0.06356 0.04240 0.02711 0.01600 0.00949 0.00463 0.00183 0.00085
2001 3 1 1 0 0 0  550 0.04158 0.05062 0.05815 0.06639 0.07564 0.09483 0.12781 0.13528 0.12299 0.09238 0.05970 0.03465 0.02048 0.01088 0.00511 0.00242 0.00108
2002 3 1 1 0 0 0  497 0.03701 0.04931 0.05827 0.06616 0.07588 0.09705 0.11632 0.12998 0.12046 0.09919 0.06733 0.03900 0.02473 0.01123 0.00549 0.00180 0.00079
2003 3 1 1 0 0 0  457 0.02819 0.03885 0.04565 0.06222 0.08100 0.10441 0.11806 0.12713 0.12142 0.10410 0.07254 0.04514 0.02596 0.01351 0.00719 0.00303 0.00162
2004 3 1 1 0 0 0  333 0.02230 0.03141 0.04345 0.05549 0.07830 0.09639 0.11188 0.12605 0.12613 0.11196 0.08005 0.05319 0.03541 0.01677 0.00694 0.00349 0.00081
2005 3 1 1 0 0 0  210 0.01202 0.01763 0.01829 0.02434 0.03848 0.04911 0.08315 0.13415 0.14713 0.14764 0.12352 0.08249 0.06274 0.03323 0.01610 0.00670 0.00328
2006 3 1 1 0 0 0  194 0.00939 0.01336 0.01723 0.02525 0.04162 0.05816 0.10469 0.12985 0.15156 0.13364 0.10977 0.08306 0.05911 0.03446 0.01628 0.00767 0.00491
2007 3 1 1 0 0 0  189 0.00442 0.00557 0.00717 0.01144 0.02411 0.04358 0.08289 0.13349 0.15064 0.14645 0.13066 0.09085 0.07340 0.04647 0.02621 0.01441 0.00825
2008 3 1 1 0 0 0  148 0.00653 0.00771 0.01137 0.01469 0.02633 0.05053 0.09227 0.14004 0.15591 0.14522 0.11574 0.08569 0.06335 0.04231 0.02183 0.01266 0.00782
2009 3 1 1 0 0 0  141 0.00749 0.00788 0.01453 0.02170 0.03205 0.06039 0.10665 0.15161 0.15701 0.13043 0.10809 0.07955 0.05753 0.03381 0.01968 0.00730 0.00430
2010 3 1 1 0 0 0  172 0.01092 0.01290 0.01937 0.02831 0.04521 0.06619 0.10466 0.14902 0.14886 0.12580 0.09358 0.07571 0.05121 0.03323 0.01900 0.01033 0.00573
2011 3 1 1 0 0 0  157 0.00935 0.01298 0.01829 0.02102 0.03014 0.04734 0.09337 0.15029 0.15587 0.13735 0.11103 0.08030 0.05751 0.03799 0.02083 0.01049 0.00586
2012 3 1 1 0 0 0  143 0.00472 0.00951 0.01442 0.01550 0.02937 0.04819 0.09266 0.13945 0.15875 0.14001 0.11276 0.08619 0.06170 0.04248 0.02545 0.01183 0.00699
2013 3 1 1 0 0 0  166 0.00734 0.01255 0.01790 0.02579 0.03903 0.06541 0.10765 0.14699 0.15110 0.12820 0.09810 0.07317 0.05269 0.03672 0.02196 0.00952 0.00586
2014 3 1 1 0 0 0  108 0.00607 0.00974 0.01612 0.02456 0.04041 0.06500 0.10702 0.13040 0.14495 0.12717 0.10541 0.08014 0.05909 0.04025 0.02480 0.01187 0.00702
2015 3 1 1 0 0 0  126 0.00988 0.01578 0.02165 0.02965 0.04297 0.06686 0.10475 0.13434 0.14210 0.12626 0.09473 0.07464 0.05121 0.03838 0.02424 0.01313 0.00942
2016 3 1 1 0 0 0  176 0.01459 0.01869 0.02486 0.03128 0.04955 0.08116 0.13349 0.15643 0.15014 0.11905 0.08055 0.05494 0.03642 0.02455 0.01283 0.00722 0.00427
2017 3 1 1 0 0 0  164 0.01368 0.01779 0.02476 0.02917 0.04393 0.07615 0.12404 0.16157 0.16090 0.13250 0.08758 0.05325 0.03358 0.01824 0.01022 0.00662 0.00604
2018 3 1 1 0 0 0  141 0.01244 0.01754 0.02354 0.02918 0.05146 0.07916 0.14100 0.15635 0.16648 0.12137 0.08764 0.04726 0.02982 0.01821 0.00979 0.00540 0.00337
2019 3 1 1 0 0 0  152 0.00631 0.01076 0.01537 0.02408 0.04255 0.07960 0.13828 0.17163 0.17135 0.13617 0.08720 0.05453 0.03214 0.01666 0.00805 0.00344 0.00187
2020 3 1 1 0 0 0  158 0.00941 0.01114 0.01914 0.02391 0.05079 0.07452 0.14638 0.17716 0.17739 0.12322 0.08636 0.04464 0.02910 0.01374 0.00739 0.00326 0.00245
2021 3 1 1 0 0 0  138 0.00473 0.00680 0.00864 0.01280 0.02617 0.06204 0.11526 0.16634 0.18107 0.15051 0.10746 0.06440 0.04437 0.02560 0.01333 0.00640 0.00408
2022 3 1 1 0 0 0   90 0.00367 0.00412 0.00839 0.01326 0.02029 0.04913 0.10378 0.16652 0.19123 0.16521 0.11709 0.07108 0.04144 0.02411 0.01201 0.00573 0.00296
2023 3 1 1 0 0 0  139 0.00360 0.00547 0.00738 0.01407 0.02423 0.05497 0.12527 0.17594 0.18085 0.14729 0.10643 0.06960 0.04555 0.02345 0.01025 0.00378 0.00187
2024 3 1 1 0 0 0  116 0.00420 0.00623 0.00961 0.01512 0.03092 0.07130 0.13594 0.17835 0.17234 0.14246 0.09681 0.05966 0.03618 0.02213 0.00993 0.00541 0.00342
  
  
##------------------------------------------------------------
##--GROWTH DATA-----------------------------------------------
##------------------------------------------------------------
3 # GrowthObsType
222 # nGrowthObs
# size-class-at-release, sex, size-class-at-recapture, and time-at-liberty fleet recapture_year number
1 1 3 1 1 1 2004 2
1 1 4 1 1 1 2004 2
2 1 2 1 1 1 2004 1
2 1 4 1 1 1 2004 4
2 1 5 1 1 1 2004 10
2 1 6 1 1 1 2004 1
2 1 8 1 1 1 2004 1
3 1 5 1 1 1 2004 4
3 1 6 1 1 1 2004 6
3 1 7 1 1 1 2004 2
4 1 4 1 1 1 2004 2
4 1 6 1 1 1 2004 7
4 1 7 1 1 1 2004 29
4 1 8 1 1 1 2004 12
5 1 5 1 1 1 2004 9
5 1 6 1 1 1 2004 10
5 1 7 1 1 1 2004 25
5 1 8 1 1 1 2004 90
5 1 9 1 1 1 2004 24
5 1 10 1 1 1 2004 3
6 1 6 1 1 1 2004 18
6 1 7 1 1 1 2004 12
6 1 8 1 1 1 2004 36
6 1 9 1 1 1 2004 96
6 1 10 1 1 1 2004 21
7 1 7 1 1 1 2004 43
7 1 8 1 1 1 2004 9
7 1 9 1 1 1 2004 37
7 1 10 1 1 1 2004 64
7 1 11 1 1 1 2004 23
8 1 8 1 1 1 2004 39
8 1 9 1 1 1 2004 11
8 1 10 1 1 1 2004 28
8 1 11 1 1 1 2004 44
8 1 12 1 1 1 2004 13
8 1 13 1 1 1 2004 1
9 1 9 1 1 1 2004 48
9 1 10 1 1 1 2004 7
9 1 11 1 1 1 2004 8
9 1 12 1 1 1 2004 22
9 1 13 1 1 1 2004 3
10 1 10 1 1 1 2004 56
10 1 11 1 1 1 2004 4
10 1 12 1 1 1 2004 7
10 1 13 1 1 1 2004 12
10 1 14 1 1 1 2004 1
11 1 11 1 1 1 2004 30
11 1 12 1 1 1 2004 6
11 1 13 1 1 1 2004 1
11 1 14 1 1 1 2004 5
12 1 12 1 1 1 2004 18
12 1 13 1 1 1 2004 4
12 1 14 1 1 1 2004 2
12 1 15 1 1 1 2004 2
13 1 13 1 1 1 2004 12
13 1 14 1 1 1 2004 1
13 1 15 1 1 1 2004 1
13 1 16 1 1 1 2004 1
14 1 14 1 1 1 2004 10
14 1 15 1 1 1 2004 1
15 1 15 1 1 1 2004 3
15 1 16 1 1 1 2004 1
17 1 17 1 1 1 2004 1
1 1 4 2 1 1 2004 1
1 1 8 2 1 1 2004 1
2 1 5 2 1 1 2004 2
2 1 7 2 1 1 2004 1
2 1 8 2 1 1 2004 4
2 1 9 2 1 1 2004 3
3 1 5 2 1 1 2004 3
3 1 6 2 1 1 2004 7
3 1 7 2 1 1 2004 1
3 1 8 2 1 1 2004 1
3 1 9 2 1 1 2004 13
3 1 10 2 1 1 2004 1
4 1 6 2 1 1 2004 1
4 1 7 2 1 1 2004 16
4 1 8 2 1 1 2004 8
4 1 9 2 1 1 2004 6
4 1 10 2 1 1 2004 10
4 1 11 2 1 1 2004 4
5 1 5 2 1 1 2004 1
5 1 6 2 1 1 2004 2
5 1 7 2 1 1 2004 15
5 1 8 2 1 1 2004 61
5 1 9 2 1 1 2004 17
5 1 10 2 1 1 2004 5
5 1 11 2 1 1 2004 10
5 1 12 2 1 1 2004 4
5 1 14 2 1 1 2004 1
6 1 6 2 1 1 2004 1
6 1 7 2 1 1 2004 2
6 1 8 2 1 1 2004 24
6 1 9 2 1 1 2004 42
6 1 10 2 1 1 2004 9
6 1 11 2 1 1 2004 3
6 1 12 2 1 1 2004 6
6 1 13 2 1 1 2004 2
7 1 7 2 1 1 2004 2
7 1 8 2 1 1 2004 5
7 1 9 2 1 1 2004 11
7 1 10 2 1 1 2004 39
7 1 11 2 1 1 2004 13
7 1 12 2 1 1 2004 1
7 1 14 2 1 1 2004 1
8 1 8 2 1 1 2004 3
8 1 9 2 1 1 2004 4
8 1 10 2 1 1 2004 10
8 1 11 2 1 1 2004 38
8 1 12 2 1 1 2004 8
8 1 13 2 1 1 2004 1
9 1 9 2 1 1 2004 5
9 1 10 2 1 1 2004 1
9 1 11 2 1 1 2004 7
9 1 12 2 1 1 2004 14
9 1 13 2 1 1 2004 5
10 1 10 2 1 1 2004 3
10 1 12 2 1 1 2004 6
10 1 13 2 1 1 2004 14
10 1 14 2 1 1 2004 2
10 1 17 2 1 1 2004 1
11 1 11 2 1 1 2004 1
11 1 13 2 1 1 2004 5
11 1 14 2 1 1 2004 4
12 1 12 2 1 1 2004 1
12 1 14 2 1 1 2004 2
12 1 15 2 1 1 2004 2
1 1 1 3 1 1 2004 1
1 1 7 3 1 1 2004 5
1 1 9 3 1 1 2004 1
2 1 7 3 1 1 2004 3
2 1 8 3 1 1 2004 11
2 1 9 3 1 1 2004 6
2 1 10 3 1 1 2004 1
3 1 6 3 1 1 2004 1
3 1 7 3 1 1 2004 1
3 1 8 3 1 1 2004 4
3 1 9 3 1 1 2004 14
3 1 10 3 1 1 2004 5
4 1 7 3 1 1 2004 1
4 1 8 3 1 1 2004 1
4 1 9 3 1 1 2004 5
4 1 10 3 1 1 2004 14
4 1 11 3 1 1 2004 3
4 1 12 3 1 1 2004 1
5 1 7 3 1 1 2004 1
5 1 8 3 1 1 2004 4
5 1 9 3 1 1 2004 5
5 1 10 3 1 1 2004 12
5 1 11 3 1 1 2004 24
5 1 12 3 1 1 2004 12
5 1 13 3 1 1 2004 2
5 1 14 3 1 1 2004 1
6 1 6 3 1 1 2004 1
6 1 8 3 1 1 2004 2
6 1 9 3 1 1 2004 8
6 1 10 3 1 1 2004 2
6 1 11 3 1 1 2004 6
6 1 12 3 1 1 2004 7
6 1 13 3 1 1 2004 3
6 1 14 3 1 1 2004 1
7 1 8 3 1 1 2004 1
7 1 9 3 1 1 2004 2
7 1 10 3 1 1 2004 11
7 1 11 3 1 1 2004 3
7 1 13 3 1 1 2004 6
7 1 14 3 1 1 2004 3
8 1 10 3 1 1 2004 1
8 1 11 3 1 1 2004 7
8 1 12 3 1 1 2004 2
8 1 14 3 1 1 2004 1
9 1 11 3 1 1 2004 1
9 1 12 3 1 1 2004 4
9 1 13 3 1 1 2004 1
9 1 15 3 1 1 2004 1
9 1 16 3 1 1 2004 1
10 1 13 3 1 1 2004 1
13 1 15 3 1 1 2004 1
1 1 10 4 1 1 2004 6
1 1 11 4 1 1 2004 1
2 1 8 4 1 1 2004 1
2 1 10 4 1 1 2004 1
2 1 11 4 1 1 2004 5
3 1 8 4 1 1 2004 3
3 1 9 4 1 1 2004 3
3 1 10 4 1 1 2004 3
3 1 11 4 1 1 2004 1
3 1 12 4 1 1 2004 1
3 1 14 4 1 1 2004 1
4 1 9 4 1 1 2004 1
4 1 10 4 1 1 2004 2
4 1 12 4 1 1 2004 1
4 1 14 4 1 1 2004 1
5 1 8 4 1 1 2004 1
5 1 10 4 1 1 2004 1
5 1 11 4 1 1 2004 4
5 1 12 4 1 1 2004 4
6 1 11 4 1 1 2004 1
6 1 12 4 1 1 2004 2
7 1 10 4 1 1 2004 2
7 1 12 4 1 1 2004 1
7 1 14 4 1 1 2004 2
8 1 14 4 1 1 2004 2
1 1 10 5 1 1 2004 2
2 1 11 5 1 1 2004 1
2 1 12 5 1 1 2004 1
2 1 16 5 1 1 2004 1
3 1 11 5 1 1 2004 1
3 1 13 5 1 1 2004 3
3 1 14 5 1 1 2004 1
5 1 14 5 1 1 2004 1
7 1 13 5 1 1 2004 1
7 1 14 5 1 1 2004 1
1 1 8 6 1 1 2004 1
1 1 9 6 1 1 2004 1
1 1 11 6 1 1 2004 1
1 1 12 6 1 1 2004 1
1 1 13 6 1 1 2004 2
2 1 11 6 1 1 2004 2
2 1 14 6 1 1 2004 1
3 1 9 6 1 1 2004 1
4 1 10 6 1 1 2004 2
  
  
##------------------------------------------------------------
##--ENVIRONMENTAL DATA----------------------------------------
##------------------------------------------------------------
1 #--input format type (0: old format, 1: new format)
0 #--number of environmental indices 
# eof
9999
