#year	season	fleet	sex	type	shell	maturity	nsamp	datavector																
1990	3	1	2	0	0	0	34.95	0.0000	0.0014	0.0029	0.0029	0.0057	0.0072	0.0143	0.0672	0.1016	0.1731	0.1688	0.2132	0.1359	0.0715	0.0243	0.0100	#699
1991	3	1	2	0	0	0	18.75	0.0027	0.0240	0.0613	0.0960	0.1333	0.1600	0.1227	0.0720	0.0693	0.0560	0.0693	0.0800	0.0347	0.0107	0.0053	0.0027	#375
1992	3	1	2	0	0	0	50	0.0000	0.0013	0.0029	0.0177	0.0803	0.1765	0.1950	0.1698	0.0958	0.0815	0.0572	0.0404	0.0395	0.0256	0.0118	0.0046	#2379
1993	3	1	2	0	0	0	50	0.0013	0.0024	0.0044	0.0059	0.0130	0.0326	0.1011	0.1598	0.1443	0.1139	0.0905	0.0853	0.0834	0.0740	0.0434	0.0446	#5944
1996	3	1	2	0	0	0	0.55	0.0000	0.0000	0.0000	0.0909	0.6364	0.2727	0.0000	0.0000	0.0000	0.0000	0.0000	0.0000	0.0000	0.0000	0.0000	0.0000	#11
1997	3	1	2	0	0	0	45.3	0.0000	0.0000	0.0011	0.0011	0.0099	0.0265	0.0364	0.0464	0.0695	0.1391	0.1667	0.1435	0.1170	0.1082	0.0607	0.0740	#906
1998	3	1	2	0	0	0	50	0.0002	0.0004	0.0009	0.0026	0.0066	0.0174	0.0550	0.1755	0.2268	0.1521	0.0863	0.0883	0.0590	0.0532	0.0352	0.0403	#9655
1999	3	1	2	0	0	0	2	0.0000	0.0000	0.0000	0.0250	0.0250	0.0250	0.0500	0.0250	0.0000	0.1250	0.1250	0.0750	0.1000	0.1250	0.0750	0.2250	#40
2000	3	1	2	0	0	0	50	0.0000	0.0044	0.0256	0.0607	0.0744	0.0816	0.0701	0.0543	0.0550	0.0998	0.1541	0.1460	0.0799	0.0420	0.0224	0.0296	#8470
2001	3	1	2	0	0	0	50	0.0007	0.0042	0.0129	0.0307	0.0568	0.0844	0.0986	0.0909	0.0646	0.0568	0.0883	0.1407	0.1400	0.0638	0.0269	0.0396	#5436
2002	3	1	2	0	0	0	35.3	0.0595	0.1714	0.1601	0.1388	0.1091	0.0581	0.0297	0.0326	0.0382	0.0326	0.0241	0.0241	0.0198	0.0269	0.0283	0.0467	#706
2003	3	1	2	0	0	0	50	0.0120	0.0164	0.0231	0.0635	0.1020	0.1075	0.0682	0.0430	0.0600	0.0866	0.0984	0.0675	0.0540	0.0596	0.0572	0.0811	#12474
2004	3	1	2	0	0	0	50	0.0003	0.0056	0.0258	0.0575	0.0774	0.0918	0.1413	0.1308	0.0876	0.0449	0.0503	0.0611	0.0531	0.0446	0.0431	0.0851	#6666
2005	3	1	2	0	0	0	50	0.0004	0.0013	0.0022	0.0050	0.0146	0.0500	0.0788	0.0931	0.1233	0.1212	0.0871	0.1021	0.0958	0.0885	0.0519	0.0848	#26782
2006	3	1	2	0	0	0	50	0.0003	0.0040	0.0256	0.1183	0.1939	0.1616	0.0692	0.0519	0.0672	0.0704	0.0576	0.0403	0.0358	0.0323	0.0256	0.0461	#3991
2007	3	1	2	0	0	0	50	0.0029	0.0124	0.0214	0.0235	0.0461	0.0886	0.1116	0.0832	0.0556	0.0739	0.1005	0.1146	0.0942	0.0671	0.0437	0.0604	#12691
2008	3	1	2	0	0	0	50	0.0004	0.0018	0.0097	0.0362	0.0775	0.0662	0.0472	0.0772	0.1071	0.0871	0.0954	0.1260	0.1254	0.0670	0.0391	0.0368	#8564
2009	3	1	2	0	0	0	50	0.0036	0.0083	0.0099	0.0144	0.0164	0.0282	0.0652	0.0867	0.0803	0.0912	0.0857	0.0900	0.1141	0.1308	0.0875	0.0877	#6055
2010	3	1	2	0	0	0	50	0.0036	0.0051	0.0052	0.0199	0.0276	0.0292	0.0269	0.0444	0.0882	0.1135	0.1315	0.1423	0.1011	0.0917	0.0879	0.0816	#6872
2011	3	1	2	0	0	0	50	0.0130	0.0370	0.0604	0.1010	0.0760	0.0698	0.0583	0.0411	0.0266	0.0359	0.0693	0.0911	0.0823	0.0667	0.0672	0.1042	#1920
2012	3	1	2	0	0	0	28.15	0.0089	0.0107	0.0124	0.0337	0.0604	0.1155	0.0941	0.0391	0.0178	0.0124	0.0409	0.0426	0.1652	0.1510	0.1101	0.0853	#563
2013	3	1	2	0	0	0	50	0.0005	0.0017	0.0083	0.0107	0.0188	0.0365	0.0714	0.1329	0.1423	0.0972	0.0717	0.0636	0.0854	0.0906	0.0732	0.0952	#6051
2014	3	1	2	0	0	0	50	0.0011	0.0053	0.0068	0.0086	0.0086	0.0210	0.0282	0.0274	0.0526	0.0713	0.0755	0.0762	0.0965	0.1142	0.1303	0.2764	#2663
2015	3	1	2	0	0	0	50	0.0000	0.0011	0.0019	0.0052	0.0122	0.0166	0.0196	0.0357	0.0559	0.0869	0.0886	0.1401	0.1121	0.1031	0.0834	0.2375	#7457
2016	3	1	2	0	0	0	50	0.0000	0.0003	0.0072	0.0122	0.0183	0.0189	0.0213	0.0346	0.0388	0.0636	0.0998	0.1519	0.1718	0.1331	0.0701	0.1581	#5832
2017	3	1	2	0	0	0	50	0.0007	0.0032	0.0148	0.0544	0.0992	0.1096	0.0769	0.0317	0.0354	0.0477	0.0700	0.0930	0.0979	0.0982	0.0665	0.1007	#4043
2018	3	1	2	0	0	0	50	0.0005	0.0054	0.0182	0.0241	0.0237	0.0371	0.0627	0.0942	0.0774	0.0647	0.0650	0.1019	0.1139	0.1069	0.0824	0.1217	#9840
2019	3	1	2	0	0	0	50	0.0000	0.0000	0.0017	0.0059	0.0287	0.0491	0.0380	0.0342	0.0549	0.0757	0.0691	0.0757	0.1047	0.1275	0.1137	0.2211	#2894
2020	3	1	2	0	0	0	48.05	0.0000	0.0114	0.0375	0.0978	0.0874	0.0499	0.0385	0.0708	0.0572	0.0583	0.0562	0.0593	0.0593	0.0656	0.0666	0.1842	#961
2021	3	1	2	0	0	0	50	0.0000	0.0021	0.0035	0.0119	0.0147	0.0272	0.0426	0.0593	0.0670	0.0823	0.0893	0.1124	0.1277	0.1033	0.0740	0.1828	#1433
