#========================================================================================================
 # Gmacs Main Data File
1976 # Start year
2024 # End year
5 # Number of seasons
7 # Number of distinct data groups (fleet, among fishing fleets and surveys)
1 # Number of sexes
2 # Number of shell condition types
1 # Number of maturity types
8 # Number of size-classes in the model
4 # Season recruitment occurs
4 # Season molting and growth occurs
1 # Season to calculate SSB (changed to match Feb mating)
1 # Season for N output
# maximum size-class (males then females)
 8
# size_breaks (a vector giving the break points between size intervals with dimension nclass+1)
 68.5 78.5 88.5 98.5 108.5 118.5 128.5 138.5
# Natural mortality per season input type (1 = vector by season, 2 = matrix by season/year)
2
# Proportion of the total natural mortality to be applied each season
 0 0.345205 0.186301 0.135193 0.3333
 0 0.345205 0.186301 0.135193 0.3333
 0 0.345205 0.186301 0.135193 0.3333
 0 0.449315 0.0410959 0.176289 0.3333
 0 0.449315 0.0410959 0.176289 0.3333
 0 0.449315 0.10137 0.116015 0.3333
 0 0.515069 0.060274 0.0913575 0.3333
 0 0.493151 0.0109589 0.16259 0.3333
 0 0.493151 0.0383562 0.135193 0.3333
 0 0.493151 0.060274 0.113275 0.3333
 0 0.493151 0.0657534 0.107796 0.3333
 0 0.493151 0.030137 0.143412 0.3333
 0 0.493151 0.0273973 0.146152 0.3333
 0 0.493151 0.00821918 0.16533 0.3333
 0 0.493151 0.0109589 0.16259 0.3333
 0 0.493151 0.0109589 0.16259 0.3333
 0 0.493151 0.00547945 0.16807 0.3333
 0 0.410959 0.156164 0.0995767 0.3333
 0 0.410959 0.079452 0.176289 0.3333
 0 0.410959 0.164384 0.0913575 0.3333
 0 0.410959 0.169863 0.0858781 0.3333
 0 0.410959 0.115069 0.140673 0.3333
 0 0.410959 0.169863 0.0858781 0.3333
 0 0.410959 0.172603 0.0831384 0.3333
 0 0.410959 0.241096 0.0146452 0.3333
 0 0.410959 0.186301 0.0694397 0.3333
 0 0.367123 0.213699 0.0858781 0.3333
 0 0.367123 0.189041 0.110536 0.3333
 0 0.367123 0.145205 0.154371 0.3333
 0 0.367123 0.19726 0.102316 0.3333
 0 0.367123 0.183562 0.116015 0.3333
 0 0.367123 0.169863 0.129714 0.3333
 0 0.389041 0.191781 0.0858781 0.3333
 0 0.367123 0.260274 0.0393027 0.3333
 0 0.40274 0.153425 0.110536 0.3333
 0 0.40274 0.0876712 0.176289 0.3333
 0 0.405479 0.189041 0.0721795 0.3333
 0 0.416438 0.194521 0.0557411 0.3333
 0 0.39452 0.136986 0.135193 0.3333
 0 0.405479 0.0684932 0.192727 0.3333
 0 0.4 0.0657534 0.200947 0.3333
 0 0.39726 0.079452 0.189988 0.3333
 0 0.391781 0.0958904 0.179029 0.3333
 0 0.39452 0.186301 0.0858781 0.3333
 0 0.39452 0.186301 0.0858781 0.3333
 0 0.367123 0.213699 0.0858781 0.3333
 0 0.367123 0.106849 0.192727 0.3333
 0 0.367123 0.106849 0.192727 0.3333
 0 0.367123 0.106849 0.192727 0.3333

# Fishing fleet and survey names
Winter_Com
Subsistence
Summer_Com
NMFS_Trawl
ADFG_Trawl
NBS_Trawl
Winter_Pot
# Are the seasons instantaneous (0) or continuous (1)
 1 1 1 1 1
# Number of catch data frames
4
# Number of rows in each data frame
 45 46 40 44


##  CATCH DATA
##  Type of catch: 1 = retained, 2 = discard
##  Units of catch: 1 = biomass, 2 = numbers
# year  seas    fleet   sex     obs     cv      type    units   mult    effort  discard_mortality # original
1978	 1	 1	 1	 9.62487	 0.03	 1	 2	 1	 0	 0.2	  # 9.625
1979	 1	 1	 1	 0.221	 0.03	 1	 2	 1	 0	 0.2	  # 0.221
1980	 1	 1	 1	 0.022	 0.03	 1	 2	 1	 0	 0.2	  # 0.022
1982	 1	 1	 1	 0.017	 0.03	 1	 2	 1	 0	 0.2	  # 0.017
1983	 1	 1	 1	 0.548996	 0.03	 1	 2	 1	 0	 0.2	  # 0.549
1984	 1	 1	 1	 0.855977	 0.03	 1	 2	 1	 0	 0.2	  # 0.856
1985	 1	 1	 1	 1.16796	 0.03	 1	 2	 1	 0	 0.2	  # 1.168
1986	 1	 1	 1	 2.16788	 0.03	 1	 2	 1	 0	 0.2	  # 2.168
1987	 1	 1	 1	 1.03999	 0.03	 1	 2	 1	 0	 0.2	  # 1.04
1988	 1	 1	 1	 0.424999	 0.03	 1	 2	 1	 0	 0.2	  # 0.425
1989	 1	 1	 1	 0.403001	 0.03	 1	 2	 1	 0	 0.2	  # 0.403
1990	 1	 1	 1	 3.62618	 0.03	 1	 2	 1	 0	 0.2	  # 3.626
1991	 1	 1	 1	 3.80035	 0.03	 1	 2	 1	 0	 0.2	  # 3.8
1992	 1	 1	 1	 7.47988	 0.03	 1	 2	 1	 0	 0.2	  # 7.478
1993	 1	 1	 1	 1.78808	 0.03	 1	 2	 1	 0	 0.2	  # 1.788
1994	 1	 1	 1	 5.75406	 0.03	 1	 2	 1	 0	 0.2	  # 5.753
1995	 1	 1	 1	 7.53915	 0.03	 1	 2	 1	 0	 0.2	  # 7.538
1996	 1	 1	 1	 1.77808	 0.03	 1	 2	 1	 0	 0.2	  # 1.778
1997	 1	 1	 1	 0.0830001	 0.03	 1	 2	 1	 0	 0.2	  # 0.083
1998	 1	 1	 1	 0.984004	 0.03	 1	 2	 1	 0	 0.2	  # 0.984
1999	 1	 1	 1	 2.714	 0.03	 1	 2	 1	 0	 0.2	  # 2.714
2000	 1	 1	 1	 3.04496	 0.03	 1	 2	 1	 0	 0.2	  # 3.045
2001	 1	 1	 1	 1.09803	 0.03	 1	 2	 1	 0	 0.2	  # 1.098
2002	 1	 1	 1	 2.59111	 0.03	 1	 2	 1	 0	 0.2	  # 2.591
2003	 1	 1	 1	 6.85261	 0.03	 1	 2	 1	 0	 0.2	  # 6.853
2004	 1	 1	 1	 0.522002	 0.03	 1	 2	 1	 0	 0.2	  # 0.522
2005	 1	 1	 1	 2.12112	 0.03	 1	 2	 1	 0	 0.2	  # 2.121
2006	 1	 1	 1	 0.0750001	 0.03	 1	 2	 1	 0	 0.2	  # 0.075
2007	 1	 1	 1	 3.3129	 0.03	 1	 2	 1	 0	 0.2	  # 3.313
2008	 1	 1	 1	 5.79514	 0.03	 1	 2	 1	 0	 0.2	  # 5.796
2009	 1	 1	 1	 4.95027	 0.03	 1	 2	 1	 0	 0.2	  # 4.951
2010	 1	 1	 1	 4.83276	 0.03	 1	 2	 1	 0	 0.2	  # 4.834
2011	 1	 1	 1	 3.36459	 0.03	 1	 2	 1	 0	 0.2	  # 3.365
2012	 1	 1	 1	 9.15711	 0.03	 1	 2	 1	 0	 0.2	  # 9.157
2013	 1	 1	 1	 22.654	 0.03	 1	 2	 1	 0	 0.2	  # 22.639
2014	 1	 1	 1	 14.9837	 0.03	 1	 2	 1	 0	 0.2	  # 14.986
2015	 1	 1	 1	 41.0195	 0.03	 1	 2	 1	 0	 0.2	  # 41.046
2016	 1	 1	 1	 29.8261	 0.03	 1	 2	 1	 0	 0.2	  # 29.792
2017	 1	 1	 1	 26.0886	 0.03	 1	 2	 1	 0	 0.2	  # 26.008
2018	 1	 1	 1	 9.19579	 0.03	 1	 2	 1	 0	 0.2	  # 9.18
2019	 1	 1	 1	 1.05016	 0.03	 1	 2	 1	 0	 0.2	  # 1.05
2020	 1	 1	 1	 0.0800001	 0.03	 1	 2	 1	 0	 0.2	  # 0.08
2021	 1	 1	 1	 0.319999	 0.03	 1	 2	 1	 0	 0.2	  # 0.32
2022	 1	 1	 1	 2.70774	 0.03	 1	 2	 1	 0	 0.2	  # 2.708
2023	 1	 1	 1	 3.57946	 0.03	 1	 2	 1	 0	 0.2	  # 3.58
1978	 1	 2	 1	 12.506	 0.03	 1	 2	 1	 0	 0.2	  # 12.506
1979	 1	 2	 1	 0.224	 0.03	 1	 2	 1	 0	 0.2	  # 0.224
1980	 1	 2	 1	 0.213001	 0.03	 1	 2	 1	 0	 0.2	  # 0.213
1981	 1	 2	 1	 0.360004	 0.03	 1	 2	 1	 0	 0.2	  # 0.36
1982	 1	 2	 1	 1.28802	 0.03	 1	 2	 1	 0	 0.2	  # 1.288
1983	 1	 2	 1	 10.4303	 0.03	 1	 2	 1	 0	 0.2	  # 10.432
1984	 1	 2	 1	 11.2166	 0.03	 1	 2	 1	 0	 0.2	  # 11.22
1985	 1	 2	 1	 8.37528	 0.03	 1	 2	 1	 0	 0.2	  # 8.377
1986	 1	 2	 1	 7.0511	 0.03	 1	 2	 1	 0	 0.2	  # 7.052
1987	 1	 2	 1	 5.77178	 0.03	 1	 2	 1	 0	 0.2	  # 5.772
1988	 1	 2	 1	 2.72397	 0.03	 1	 2	 1	 0	 0.2	  # 2.724
1989	 1	 2	 1	 6.12635	 0.03	 1	 2	 1	 0	 0.2	  # 6.126
1990	 1	 2	 1	 12.1544	 0.03	 1	 2	 1	 0	 0.2	  # 12.152
1991	 1	 2	 1	 7.36729	 0.03	 1	 2	 1	 0	 0.2	  # 7.366
1992	 1	 2	 1	 11.7402	 0.03	 1	 2	 1	 0	 0.2	  # 11.736
1993	 1	 2	 1	 1.09703	 0.03	 1	 2	 1	 0	 0.2	  # 1.097
1994	 1	 2	 1	 4.11346	 0.03	 1	 2	 1	 0	 0.2	  # 4.113
1995	 1	 2	 1	 5.42656	 0.03	 1	 2	 1	 0	 0.2	  # 5.426
1996	 1	 2	 1	 1.67906	 0.03	 1	 2	 1	 0	 0.2	  # 1.679
1997	 1	 2	 1	 0.745004	 0.03	 1	 2	 1	 0	 0.2	  # 0.745
1998	 1	 2	 1	 8.622	 0.03	 1	 2	 1	 0	 0.2	  # 8.622
1999	 1	 2	 1	 7.53267	 0.03	 1	 2	 1	 0	 0.2	  # 7.533
2000	 1	 2	 1	 5.72299	 0.03	 1	 2	 1	 0	 0.2	  # 5.723
2001	 1	 2	 1	 0.256001	 0.03	 1	 2	 1	 0	 0.2	  # 0.256
2002	 1	 2	 1	 2.17704	 0.03	 1	 2	 1	 0	 0.2	  # 2.177
2003	 1	 2	 1	 4.13988	 0.03	 1	 2	 1	 0	 0.2	  # 4.14
2004	 1	 2	 1	 1.18101	 0.03	 1	 2	 1	 0	 0.2	  # 1.181
2005	 1	 2	 1	 3.97336	 0.03	 1	 2	 1	 0	 0.2	  # 3.973
2006	 1	 2	 1	 1.23901	 0.03	 1	 2	 1	 0	 0.2	  # 1.239
2007	 1	 2	 1	 10.6887	 0.03	 1	 2	 1	 0	 0.2	  # 10.69
2008	 1	 2	 1	 9.48273	 0.03	 1	 2	 1	 0	 0.2	  # 9.485
2009	 1	 2	 1	 4.75124	 0.03	 1	 2	 1	 0	 0.2	  # 4.752
2010	 1	 2	 1	 7.04161	 0.03	 1	 2	 1	 0	 0.2	  # 7.044
2011	 1	 2	 1	 6.63891	 0.03	 1	 2	 1	 0	 0.2	  # 6.64
2012	 1	 2	 1	 7.31147	 0.03	 1	 2	 1	 0	 0.2	  # 7.311
2013	 1	 2	 1	 7.62334	 0.03	 1	 2	 1	 0	 0.2	  # 7.622
2014	 1	 2	 1	 3.25184	 0.03	 1	 2	 1	 0	 0.2	  # 3.252
2015	 1	 2	 1	 7.65061	 0.03	 1	 2	 1	 0	 0.2	  # 7.651
2016	 1	 2	 1	 5.34152	 0.03	 1	 2	 1	 0	 0.2	  # 5.34
2017	 1	 2	 1	 6.04361	 0.03	 1	 2	 1	 0	 0.2	  # 6.039
2018	 1	 2	 1	 4.42715	 0.03	 1	 2	 1	 0	 0.2	  # 4.424
2019	 1	 2	 1	 1.54026	 0.03	 1	 2	 1	 0	 0.2	  # 1.54
2020	 1	 2	 1	 0.550002	 0.03	 1	 2	 1	 0	 0.2	  # 0.55
2021	 1	 2	 1	 2.84683	 0.03	 1	 2	 1	 0	 0.2	  # 2.847
2022	 1	 2	 1	 7.56305	 0.03	 1	 2	 1	 0	 0.2	  # 7.565
2023	 1	 2	 1	 7.56321	 0.03	 1	 2	 1	 0	 0.2	  # 7.565
1984	 1	 2	 1	 14.7794	 0.03	 0	 2	 1	 0	 0.2	  # 15.923
1985	 1	 2	 1	 11.0305	 0.03	 0	 2	 1	 0	 0.2	  # 10.757
1986	 1	 2	 1	 9.29225	 0.03	 0	 2	 1	 0	 0.2	  # 10.751
1987	 1	 2	 1	 7.62564	 0.03	 0	 2	 1	 0	 0.2	  # 7.406
1988	 1	 2	 1	 3.5735	 0.03	 0	 2	 1	 0	 0.2	  # 3.573
1989	 1	 2	 1	 7.97079	 0.03	 0	 2	 1	 0	 0.2	  # 7.945
1990	 1	 2	 1	 15.75	 0.03	 0	 2	 1	 0	 0.2	  # 16.635
1991	 1	 2	 1	 9.50438	 0.03	 0	 2	 1	 0	 0.2	  # 9.295
1992	 1	 2	 1	 15.0112	 0.03	 0	 2	 1	 0	 0.2	  # 15.051
1993	 1	 2	 1	 1.39787	 0.03	 0	 2	 1	 0	 0.2	  # 1.193
1994	 1	 2	 1	 5.2769	 0.03	 0	 2	 1	 0	 0.2	  # 4.894
1995	 1	 2	 1	 6.99334	 0.03	 0	 2	 1	 0	 0.2	  # 7.777
1996	 1	 2	 1	 2.16921	 0.03	 0	 2	 1	 0	 0.2	  # 2.936
1997	 1	 2	 1	 0.959802	 0.03	 0	 2	 1	 0	 0.2	  # 1.617
1998	 1	 2	 1	 11.0397	 0.03	 0	 2	 1	 0	 0.2	  # 20.327
1999	 1	 2	 1	 9.59168	 0.03	 0	 2	 1	 0	 0.2	  # 10.651
2000	 1	 2	 1	 7.26145	 0.03	 0	 2	 1	 0	 0.2	  # 9.816
2001	 1	 2	 1	 0.327274	 0.03	 0	 2	 1	 0	 0.2	  # 0.366
2002	 1	 2	 1	 2.7934	 0.03	 0	 2	 1	 0	 0.2	  # 5.119
2003	 1	 2	 1	 5.32055	 0.03	 0	 2	 1	 0	 0.2	  # 9.052
2004	 1	 2	 1	 1.52017	 0.03	 0	 2	 1	 0	 0.2	  # 1.775
2005	 1	 2	 1	 5.13273	 0.03	 0	 2	 1	 0	 0.2	  # 6.484
2006	 1	 2	 1	 1.60809	 0.03	 0	 2	 1	 0	 0.2	  # 2.083
2007	 1	 2	 1	 13.9446	 0.03	 0	 2	 1	 0	 0.2	  # 21.444
2008	 1	 2	 1	 12.3656	 0.03	 0	 2	 1	 0	 0.2	  # 18.621
2009	 1	 2	 1	 6.21789	 0.03	 0	 2	 1	 0	 0.2	  # 6.971
2010	 1	 2	 1	 9.23675	 0.03	 0	 2	 1	 0	 0.2	  # 9.004
2011	 1	 2	 1	 8.72874	 0.03	 0	 2	 1	 0	 0.2	  # 9.183
2012	 1	 2	 1	 9.62012	 0.03	 0	 2	 1	 0	 0.2	  # 11.341
2013	 1	 2	 1	 10.0836	 0.03	 0	 2	 1	 0	 0.2	  # 21.524
2014	 1	 2	 1	 4.30014	 0.03	 0	 2	 1	 0	 0.2	  # 5.421
2015	 1	 2	 1	 10.1249	 0.03	 0	 2	 1	 0	 0.2	  # 9.84
2016	 1	 2	 1	 7.0987	 0.03	 0	 2	 1	 0	 0.2	  # 6.468
2017	 1	 2	 1	 8.03945	 0.03	 0	 2	 1	 0	 0.2	  # 7.185
2018	 1	 2	 1	 5.87951	 0.03	 0	 2	 1	 0	 0.2	  # 5.767
2019	 1	 2	 1	 2.02451	 0.03	 0	 2	 1	 0	 0.2	  # 2.079
2020	 1	 2	 1	 0.71143	 0.03	 0	 2	 1	 0	 0.2	  # 0.815
2021	 1	 2	 1	 3.6378	 0.03	 0	 2	 1	 0	 0.2	  # 3.999
2022	 1	 2	 1	 9.60153	 0.03	 0	 2	 1	 0	 0.2	  # 10.041
2023	 1	 2	 1	 9.68701	 0.03	 0	 2	 1	 0	 0.2	  # 10.041
1977	 3	 3	 1	 195.832	 0.03	 1	 2	 1	 0	 0.2	  # 195.877
1978	 3	 3	 1	 660.764	 0.03	 1	 2	 1	 0	 0.2	  # 660.829
1979	 3	 3	 1	 977.953	 0.03	 1	 2	 1	 0	 0.2	  # 970.962
1980	 3	 3	 1	 331.329	 0.03	 1	 2	 1	 0	 0.2	  # 329.778
1981	 3	 3	 1	 380.706	 0.03	 1	 2	 1	 0	 0.2	  # 376.313
1982	 3	 3	 1	 64.0165	 0.03	 1	 2	 1	 0	 0.2	  # 63.949
1983	 3	 3	 1	 131.959	 0.03	 1	 2	 1	 0	 0.2	  # 132.205
1984	 3	 3	 1	 139.272	 0.03	 1	 2	 1	 0	 0.2	  # 139.759
1985	 3	 3	 1	 146.065	 0.03	 1	 2	 1	 0	 0.2	  # 146.669
1986	 3	 3	 1	 161.775	 0.03	 1	 2	 1	 0	 0.2	  # 162.438
1987	 3	 3	 1	 103.162	 0.03	 1	 2	 1	 0	 0.2	  # 103.338
1988	 3	 3	 1	 76.0959	 0.03	 1	 2	 1	 0	 0.2	  # 76.148
1989	 3	 3	 1	 79.1286	 0.03	 1	 2	 1	 0	 0.2	  # 79.116
1990	 3	 3	 1	 59.1672	 0.03	 1	 2	 1	 0	 0.2	  # 59.132
1992	 3	 3	 1	 24.9158	 0.03	 1	 2	 1	 0	 0.2	  # 24.902
1993	 3	 3	 1	 116.204	 0.03	 1	 2	 1	 0	 0.2	  # 115.913
1994	 3	 3	 1	 109.087	 0.03	 1	 2	 1	 0	 0.2	  # 108.824
1995	 3	 3	 1	 106.186	 0.03	 1	 2	 1	 0	 0.2	  # 105.967
1996	 3	 3	 1	 74.8304	 0.03	 1	 2	 1	 0	 0.2	  # 74.752
1997	 3	 3	 1	 32.617	 0.03	 1	 2	 1	 0	 0.2	  # 32.606
1998	 3	 3	 1	 10.6621	 0.03	 1	 2	 1	 0	 0.2	  # 10.661
1999	 3	 3	 1	 8.73405	 0.03	 1	 2	 1	 0	 0.2	  # 8.734
2000	 3	 3	 1	 111.793	 0.03	 1	 2	 1	 0	 0.2	  # 111.728
2001	 3	 3	 1	 98.5168	 0.03	 1	 2	 1	 0	 0.2	  # 98.321
2002	 3	 3	 1	 86.7148	 0.03	 1	 2	 1	 0	 0.2	  # 86.666
2003	 3	 3	 1	 93.6483	 0.03	 1	 2	 1	 0	 0.2	  # 93.638
2004	 3	 3	 1	 120.536	 0.03	 1	 2	 1	 0	 0.2	  # 120.289
2005	 3	 3	 1	 139.38	 0.03	 1	 2	 1	 0	 0.2	  # 138.926
2006	 3	 3	 1	 150.467	 0.03	 1	 2	 1	 0	 0.2	  # 150.358
2007	 3	 3	 1	 110.271	 0.03	 1	 2	 1	 0	 0.2	  # 110.344
2008	 3	 3	 1	 142.946	 0.03	 1	 2	 1	 0	 0.2	  # 143.337
2009	 3	 3	 1	 142.859	 0.03	 1	 2	 1	 0	 0.2	  # 143.485
2010	 3	 3	 1	 148.855	 0.03	 1	 2	 1	 0	 0.2	  # 149.822
2011	 3	 3	 1	 141.174	 0.03	 1	 2	 1	 0	 0.2	  # 141.626
2012	 3	 3	 1	 161.387	 0.03	 1	 2	 1	 0	 0.2	  # 161.113
2013	 3	 3	 1	 130.857	 0.03	 1	 2	 1	 0	 0.2	  # 130.603
2014	 3	 3	 1	 129.427	 0.03	 1	 2	 1	 0	 0.2	  # 129.656
2015	 3	 3	 1	 144.043	 0.03	 1	 2	 1	 0	 0.2	  # 144.225
2016	 3	 3	 1	 139.642	 0.03	 1	 2	 1	 0	 0.2	  # 138.997
2017	 3	 3	 1	 137.288	 0.03	 1	 2	 1	 0	 0.2	  # 135.322
2018	 3	 3	 1	 90.8591	 0.03	 1	 2	 1	 0	 0.2	  # 89.613
2019	 3	 3	 1	 24.0075	 0.03	 1	 2	 1	 0	 0.2	  # 23.964
2022	 3	 3	 1	 124.593	 0.03	 1	 2	 1	 0	 0.2	  # 125.042
2023	 3	 3	 1	 145.662	 0.03	 1	 2	 1	 0	 0.2	  # 146.087

##  RELATIVE  ABUNDANCE DATA
## Index: One q is estimated for each index (the number of index values should match nSurveys
## Sex: 1 = male, 2 = female, 0 = both
## Maturity: 1 = mature, 2 = immature, 0 = both
## Units of survey: 1 = biomass, 2 = numbers
##  Number  of  relative  abundance indicies
6
# Type of 'survey' catchability (1=Selectivity; 2=Selectivity+Retention), by data frame
 1 1 1 2 2 2
##  Number of rows in index
68
#Index	Year	Season	Fleet	Sex	Maturity	Value	CV	Type	Time # original
1	 1976	 4	 4	 1	 0	 4944.52	 0.311	 2	 0.217949	 # 4247.46
1	 1979	 3	 4	 1	 0	 2012.25	 0.204	 2	 0.733333	 # 1417.21
1	 1982	 4	 4	 1	 0	 1301.45	 0.289	 2	 0.0645161	 # 2791.73
1	 1985	 4	 4	 1	 0	 1300.6	 0.254	 2	 0.328571	 # 2306.32
1	 1988	 4	 4	 1	 0	 1397.01	 0.288	 2	 0.0609756	 # 2263.35
1	 1991	 4	 4	 1	 0	 1545.28	 0.428	 2	 0.193182	 # 3132.51
2	 1996	 3	 5	 1	 0	 1956.46	 0.253	 2	 0.580645	 # 1283.02
2	 1999	 3	 5	 1	 0	 2115.23	 0.238	 2	 0.428571	 # 2608
2	 2002	 3	 5	 1	 0	 2018.7	 0.365	 2	 0.538462	 # 2055.97
2	 2006	 3	 5	 1	 0	 1885.69	 0.389	 2	 0.597015	 # 3336.03
2	 2008	 3	 5	 1	 0	 1871.87	 0.307	 2	 0.442857	 # 2894.17
2	 2011	 3	 5	 1	 0	 1797.67	 0.289	 2	 0.625	 # 3209.28
2	 2014	 3	 5	 1	 0	 1786.36	 0.472	 2	 0.46	 # 5934.6
2	 2017	 4	 5	 1	 0	 1651.87	 0.222	 2	 0.0306122	 # 1762.07
2	 2018	 3	 5	 1	 0	 1746.32	 0.247	 2	 0.8	 # 1108.89
2	 2019	 3	 5	 1	 0	 1889.19	 0.6	 2	 0.323529	 # 4660.8
2	 2020	 3	 5	 1	 0	 1987.57	 0.291	 2	 0.514706	 # 1716.5
2	 2021	 3	 5	 1	 0	 2092.55	 0.616	 2	 0.435897	 # 2400
2	 2023	 3	 5	 1	 0	 1938.14	 0.325	 2	 0.923077	 # 3441.75
3	 2010	 3	 6	 1	 0	 1409.3	 0.441	 2	 0.517857	 # 1980.08
3	 2017	 4	 6	 1	 0	 1273.06	 0.404	 2	 0.234694	 # 1035.77
3	 2019	 3	 6	 1	 0	 1448.13	 0.309	 2	 0.573529	 # 2532.4
3	 2021	 3	 6	 1	 0	 1615.89	 0.436	 2	 0.564103	 # 2370
3	 2022	 4	 6	 1	 0	 1554.81	 0.368	 2	 0.0909091	 # 2103
4	 1977	 3	 3	 1	 0	 2.92734	 0.32	 2	 0.5	 # 2.03
4	 1978	 3	 3	 1	 0	 2.33641	 0.16	 2	 0.5	 # 3.87
4	 1979	 3	 3	 1	 0	 1.3964	 0.23	 2	 0.5	 # 1.3
4	 1980	 3	 3	 1	 0	 0.878176	 0.27	 2	 0.5	 # 1.64
4	 1981	 3	 3	 1	 0	 0.625902	 0.19	 2	 0.5	 # 0.57
4	 1982	 3	 3	 1	 0	 0.56734	 0.15	 2	 0.5	 # 0.25
4	 1983	 3	 3	 1	 0	 0.603859	 0.18	 2	 0.5	 # 0.5
4	 1984	 3	 3	 1	 0	 0.605379	 0.19	 2	 0.5	 # 1.13
4	 1985	 3	 3	 1	 0	 0.602281	 0.17	 2	 0.5	 # 0.69
4	 1986	 3	 3	 1	 0	 0.592453	 0.47	 2	 0.5	 # 2.24
4	 1987	 3	 3	 1	 0	 0.607742	 0.33	 2	 0.5	 # 0.88
4	 1988	 3	 3	 1	 0	 0.647947	 0.41	 2	 0.5	 # 2.16
4	 1989	 3	 3	 1	 0	 0.686678	 0.29	 2	 0.5	 # 0.99
4	 1990	 3	 3	 1	 0	 0.71491	 0.47	 2	 0.5	 # 1.47
4	 1992	 3	 3	 1	 0	 0.804181	 0.22	 2	 0.5	 # 0.17
5	 1993	 3	 3	 1	 0	 1.10574	 0.09	 2	 0.5	 # 1.02
5	 1994	 3	 3	 1	 0	 1.0708	 0.17	 2	 0.5	 # 0.43
5	 1995	 3	 3	 1	 0	 1.02379	 0.13	 2	 0.5	 # 1.08
5	 1996	 3	 3	 1	 0	 1.02257	 0.09	 2	 0.5	 # 1.01
5	 1997	 3	 3	 1	 0	 1.07006	 0.09	 2	 0.5	 # 1.14
5	 1998	 3	 3	 1	 0	 1.11625	 0.13	 2	 0.5	 # 1.3
5	 1999	 3	 3	 1	 0	 1.1636	 0.1	 2	 0.5	 # 0.97
5	 2000	 3	 3	 1	 0	 1.13301	 0.11	 2	 0.5	 # 2.08
5	 2001	 3	 3	 1	 0	 1.09464	 0.26	 2	 0.5	 # 0.76
5	 2002	 3	 3	 1	 0	 1.07893	 0.1	 2	 0.5	 # 0.76
5	 2003	 3	 3	 1	 0	 1.06195	 0.09	 2	 0.5	 # 1.65
5	 2004	 3	 3	 1	 0	 1.04431	 0.07	 2	 0.5	 # 1.36
5	 2005	 3	 3	 1	 0	 0.996265	 0.12	 2	 0.5	 # 0.64
5	 2006	 3	 3	 1	 0	 0.957969	 0.1	 2	 0.5	 # 0.93
5	 2007	 3	 3	 1	 0	 0.939782	 0.23	 2	 0.5	 # 0.89
6	 2008	 3	 3	 1	 0	 1.04214	 0.05	 2	 0.5	 # 1.27
6	 2009	 3	 3	 1	 0	 1.01118	 0.04	 2	 0.5	 # 0.87
6	 2010	 3	 3	 1	 0	 0.992005	 0.04	 2	 0.5	 # 1.27
6	 2011	 3	 3	 1	 0	 0.988227	 0.05	 2	 0.5	 # 1.46
6	 2012	 3	 3	 1	 0	 0.949872	 0.04	 2	 0.5	 # 1.29
6	 2013	 3	 3	 1	 0	 0.922795	 0.04	 2	 0.5	 # 0.67
6	 2014	 3	 3	 1	 0	 0.942473	 0.04	 2	 0.5	 # 1.01
6	 2015	 3	 3	 1	 0	 0.919143	 0.05	 2	 0.5	 # 1.26
6	 2016	 3	 3	 1	 0	 0.903925	 0.05	 2	 0.5	 # 1.1
6	 2017	 3	 3	 1	 0	 0.897998	 0.05	 2	 0.5	 # 0.94
6	 2018	 3	 3	 1	 0	 0.943694	 0.05	 2	 0.5	 # 0.54
6	 2019	 3	 3	 1	 0	 1.04313	 0.06	 2	 0.5	 # 0.26
6	 2022	 3	 3	 1	 0	 1.30982	 0.07	 2	 0.5	 # 1.41
6	 2023	 3	 3	 1	 0	 1.22486	 0.07	 2	 0.5	 # 2.13

##  SIZE-COMPOSITION DATA
#  Number  of  length  frequency matrices
16
##  Number of rows in each matrix
 4 4 44 44 14 14 8 8 6 6 13 13 5 5 27 27
##  Number of bins in each matrix (columns of size data)
 8 8 8 8 8 8 8 8 8 8 8 8 8 8 8 8
## Sex: 1 = male, 2 = female, 0 = both
## Type of catch: 1 = retained, 2 = discard, 0 = total
## Shell: 1 = newshell, 2 = oldshell, 0 = both
## Maturity: 1 = immature, 2 = mature, 0 = both
## Stage1_EffN: the stage-1 effective sample size (this can be modified in the CTL file)
# Year Season Fleet Sex Type Shell Maturity Stage1_EffN Data
2015	 1	 1	 1	 1	 1	 0	 10	 1.48767e-08	 5.45812e-06	 0.000645229	 0.0420251	 0.436378	 0.384864	 0.124988	 0.0110944	 	 # 0	 0	 0	 43	 287	 138	 35	 3	 
2016	 1	 1	 1	 1	 1	 0	 10	 1.51695e-08	 5.56828e-06	 0.00065803	 0.0427624	 0.442304	 0.38077	 0.122585	 0.0109145	 	 # 0	 0	 0	 29	 462	 318	 35	 5	 
2017	 1	 1	 1	 1	 1	 0	 10	 1.52112e-08	 5.58443e-06	 0.00066022	 0.0429358	 0.444406	 0.380776	 0.120582	 0.0106335	 	 # 0	 0	 0	 1	 110	 162	 71	 9	 
2018	 1	 1	 1	 1	 1	 0	 10	 1.50512e-08	 5.53029e-06	 0.000654487	 0.0426702	 0.444974	 0.381795	 0.119549	 0.0103518	 	 # 0	 0	 0	 0	 43	 102	 107	 21	 
2015	 1	 1	 1	 1	 2	 0	 10	 1.15971e-09	 7.96481e-07	 0.000174268	 0.0206177	 0.329807	 0.482125	 0.148575	 0.0187001	 	 # 0	 0	 0	 6	 23	 17	 17	 7	 
2016	 1	 1	 1	 1	 2	 0	 10	 1.20202e-09	 8.23452e-07	 0.000179595	 0.0211286	 0.328864	 0.481867	 0.149251	 0.0187087	 	 # 0	 0	 0	 8	 93	 42	 16	 8	 
2017	 1	 1	 1	 1	 2	 0	 10	 1.22086e-09	 8.3726e-07	 0.000182644	 0.0214604	 0.333411	 0.479261	 0.147267	 0.0184165	 	 # 0	 0	 0	 1	 42	 101	 32	 11	 
2018	 1	 1	 1	 1	 2	 0	 10	 1.21388e-09	 8.33481e-07	 0.000182115	 0.0214541	 0.336481	 0.479417	 0.144607	 0.0178578	 	 # 0	 0	 0	 0	 15	 64	 39	 10	 
1977	 3	 3	 1	 1	 1	 0	 10	 1.84637e-09	 3.62191e-07	 8.86891e-05	 0.0170348	 0.303607	 0.379735	 0.208011	 0.0915226	 	 # 0	 0	 0	 5	 650	 530	 119	 70	 
1978	 3	 3	 1	 1	 1	 0	 10	 2.40227e-09	 4.69204e-07	 9.52367e-05	 0.0110082	 0.233597	 0.411517	 0.249648	 0.0941346	 	 # 0	 0	 0	 4	 72	 184	 103	 16	 
1979	 3	 3	 1	 1	 1	 0	 10	 4.10619e-09	 7.99344e-07	 0.00015899	 0.0157678	 0.213831	 0.382371	 0.282994	 0.104876	 	 # 0	 0	 0	 42	 386	 636	 425	 109	 
1980	 3	 3	 1	 1	 1	 0	 10	 6.32341e-09	 1.23416e-06	 0.00024628	 0.024027	 0.284109	 0.341951	 0.249677	 0.0999886	 	 # 0	 0	 0	 4	 105	 327	 396	 196	 
1981	 3	 3	 1	 1	 1	 0	 10	 8.26726e-09	 1.61057e-06	 0.000320536	 0.0311265	 0.340942	 0.344455	 0.201564	 0.0815906	 	 # 0	 0	 0	 7	 131	 275	 502	 406	 
1982	 3	 3	 1	 1	 1	 0	 10	 8.52617e-09	 1.66791e-06	 0.000334974	 0.0330389	 0.39641	 0.354428	 0.158587	 0.0571997	 	 # 0	 0	 0	 46	 210	 180	 239	 313	 
1983	 3	 3	 1	 1	 1	 0	 10	 8.00327e-09	 1.56365e-06	 0.000314292	 0.0310842	 0.378099	 0.381898	 0.160986	 0.0476168	 	 # 0	 0	 0	 31	 331	 287	 51	 27	 
1984	 3	 3	 1	 1	 1	 0	 10	 7.95333e-09	 1.55355e-06	 0.000311911	 0.0307747	 0.373973	 0.384765	 0.166741	 0.043433	 	 # 0	 0	 0	 93	 404	 270	 62	 7	 
1985	 3	 3	 1	 1	 1	 0	 10	 7.97721e-09	 1.55825e-06	 0.000312769	 0.0308781	 0.373185	 0.384217	 0.169165	 0.0422407	 	 # 0	 0	 1	 173	 840	 1000	 417	 53	 
1986	 3	 3	 1	 1	 1	 0	 10	 8.09305e-09	 1.58043e-06	 0.00031698	 0.0312648	 0.374524	 0.382885	 0.169194	 0.0418136	 	 # 0	 0	 0	 33	 405	 448	 134	 20	 
1987	 3	 3	 1	 1	 1	 0	 10	 7.90296e-09	 1.54494e-06	 0.000310549	 0.0307748	 0.376875	 0.382224	 0.168415	 0.0413998	 	 # 0	 0	 0	 33	 355	 578	 539	 215	 
1988	 3	 3	 1	 1	 1	 0	 10	 7.46099e-09	 1.45964e-06	 0.000294068	 0.0293785	 0.368006	 0.387529	 0.172667	 0.0421236	 	 # 0	 1	 0	 36	 305	 457	 274	 58	 
1989	 3	 3	 1	 1	 1	 0	 10	 7.1287e-09	 1.39445e-06	 0.000281042	 0.0280894	 0.355883	 0.389935	 0.181206	 0.0446044	 	 # 0	 0	 0	 33	 426	 826	 442	 117	 
1990	 3	 3	 1	 1	 1	 0	 10	 6.91536e-09	 1.35234e-06	 0.000272582	 0.0271712	 0.347144	 0.388967	 0.188543	 0.0479008	 	 # 0	 0	 0	 19	 185	 447	 331	 88	 
1992	 3	 3	 1	 1	 1	 0	 10	 6.29979e-09	 1.23236e-06	 0.000248838	 0.0249567	 0.326083	 0.388972	 0.203766	 0.0559725	 	 # 0	 0	 0	 44	 515	 682	 350	 229	 
1993	 3	 3	 1	 1	 1	 0	 10	 6.39455e-09	 1.25079e-06	 0.000252099	 0.0253165	 0.322526	 0.384245	 0.208176	 0.0594826	 	 # 0	 0	 0	 253	 4116	 7013	 4095	 589	 
1994	 3	 3	 1	 1	 1	 0	 10	 6.62866e-09	 1.29598e-06	 0.000260927	 0.0260731	 0.329131	 0.377323	 0.206232	 0.0609774	 	 # 0	 0	 0	 10	 38	 33	 28	 8	 
1995	 3	 3	 1	 1	 1	 0	 10	 6.83846e-09	 1.33668e-06	 0.000269011	 0.0268215	 0.336432	 0.378254	 0.198761	 0.0594609	 	 # 0	 0	 0	 46	 307	 335	 176	 60	 
1996	 3	 3	 1	 1	 1	 0	 10	 6.8096e-09	 1.33236e-06	 0.000268555	 0.0269007	 0.341193	 0.379895	 0.194277	 0.0574649	 	 # 0	 0	 0	 25	 176	 188	 74	 37	 
1997	 3	 3	 1	 1	 1	 0	 10	 6.54304e-09	 1.28114e-06	 0.000258748	 0.0260639	 0.337645	 0.382963	 0.196163	 0.0569051	 	 # 0	 0	 0	 35	 438	 409	 119	 30	 
1998	 3	 3	 1	 1	 1	 0	 10	 6.28281e-09	 1.22998e-06	 0.000248584	 0.0250068	 0.329125	 0.387097	 0.200741	 0.057781	 	 # 0	 0	 0	 30	 246	 256	 85	 28	 
1999	 3	 3	 1	 1	 1	 0	 10	 6.08425e-09	 1.19108e-06	 0.000240756	 0.024256	 0.320165	 0.386893	 0.207885	 0.0605588	 	 # 0	 0	 0	 36	 165	 137	 103	 53	 
2000	 3	 3	 1	 1	 1	 0	 10	 6.24866e-09	 1.222e-06	 0.000246343	 0.0247095	 0.316925	 0.384683	 0.210507	 0.0629275	 	 # 0	 0	 0	 334	 5149	 6743	 1884	 266	 
2001	 3	 3	 1	 1	 1	 0	 10	 6.47198e-09	 1.26622e-06	 0.000255183	 0.0256012	 0.325693	 0.37806	 0.207032	 0.0633573	 	 # 0	 0	 0	 487	 4472	 7394	 4116	 1455	 
2002	 3	 3	 1	 1	 1	 0	 10	 6.56242e-09	 1.28381e-06	 0.000258784	 0.0259448	 0.330369	 0.377552	 0.20338	 0.0624948	 	 # 0	 0	 0	 231	 1222	 1469	 1316	 382	 
2003	 3	 3	 1	 1	 1	 0	 10	 6.65499e-09	 1.30126e-06	 0.000262131	 0.0262251	 0.332268	 0.378574	 0.201427	 0.0612429	 	 # 0	 0	 0	 121	 1923	 1671	 634	 162	 
2004	 3	 3	 1	 1	 1	 0	 10	 6.76669e-09	 1.32347e-06	 0.000266512	 0.0266683	 0.335371	 0.378185	 0.199791	 0.059717	 	 # 0	 0	 0	 84	 3660	 3727	 1016	 324	 
2005	 3	 3	 1	 1	 1	 0	 10	 7.01155e-09	 1.37056e-06	 0.000275671	 0.0274693	 0.341469	 0.378486	 0.194968	 0.0573304	 	 # 0	 0	 0	 12	 1361	 2524	 860	 117	 
2006	 3	 3	 1	 1	 1	 0	 10	 7.24211e-09	 1.41573e-06	 0.000284601	 0.0283437	 0.348818	 0.377656	 0.190126	 0.0547703	 	 # 0	 0	 0	 14	 1222	 2337	 1168	 167	 
2007	 3	 3	 1	 1	 1	 0	 10	 7.33741e-09	 1.43392e-06	 0.000288323	 0.0285643	 0.35433	 0.378189	 0.186173	 0.0524545	 	 # 0	 0	 0	 68	 2189	 2087	 842	 208	 
2008	 3	 3	 1	 1	 1	 0	 10	 4.39282e-12	 5.95789e-09	 8.3213e-06	 0.00613954	 0.372033	 0.385395	 0.185402	 0.0510223	 	 # 0	 0	 0	 27	 2025	 2004	 322	 63	 
2009	 3	 3	 1	 1	 1	 0	 10	 4.48858e-12	 6.08918e-09	 8.50252e-06	 0.00628275	 0.379601	 0.38355	 0.181463	 0.0490942	 	 # 0	 0	 0	 63	 2076	 1985	 675	 132	 
2010	 3	 3	 1	 1	 1	 0	 10	 4.56649e-12	 6.19327e-09	 8.64397e-06	 0.00637308	 0.383632	 0.383584	 0.178853	 0.0475491	 	 # 0	 0	 0	 31	 2275	 2135	 586	 60	 
2011	 3	 3	 1	 1	 1	 0	 10	 4.59199e-12	 6.22927e-09	 8.69635e-06	 0.00641267	 0.38663	 0.383106	 0.1776	 0.0462422	 	 # 0	 0	 0	 11	 809	 1013	 294	 60	 
2012	 3	 3	 1	 1	 1	 0	 10	 4.71307e-12	 6.38776e-09	 8.90521e-06	 0.00655229	 0.389337	 0.385333	 0.174174	 0.0445946	 	 # 0	 0	 0	 13	 1224	 2336	 932	 113	 
2013	 3	 3	 1	 1	 1	 0	 10	 4.81752e-12	 6.52352e-09	 9.08645e-06	 0.00666556	 0.39475	 0.383692	 0.17129	 0.0435937	 	 # 0	 0	 0	 27	 1450	 2253	 1465	 369	 
2014	 3	 3	 1	 1	 1	 0	 10	 4.75469e-12	 6.44491e-09	 8.98745e-06	 0.0066203	 0.394568	 0.38373	 0.171898	 0.0431743	 	 # 0	 0	 0	 40	 1324	 1105	 866	 335	 
2015	 3	 3	 1	 1	 1	 0	 10	 4.89491e-12	 6.6161e-09	 9.19646e-06	 0.00672818	 0.391398	 0.383049	 0.174895	 0.0439206	 	 # 0	 0	 0	 58	 1987	 1177	 418	 122	 
2016	 3	 3	 1	 1	 1	 0	 10	 4.96621e-12	 6.71953e-09	 9.3433e-06	 0.00683202	 0.397826	 0.380097	 0.172021	 0.0432149	 	 # 0	 0	 0	 5	 392	 731	 247	 48	 
2017	 3	 3	 1	 1	 1	 0	 10	 4.97882e-12	 6.73875e-09	 9.37603e-06	 0.00686151	 0.400659	 0.381079	 0.169297	 0.0420938	 	 # 0	 0	 0	 4	 602	 1341	 728	 86	 
2018	 3	 3	 1	 1	 1	 0	 10	 4.73457e-12	 6.42393e-09	 8.97299e-06	 0.00661381	 0.401015	 0.383759	 0.167801	 0.0408017	 	 # 0	 0	 0	 9	 300	 842	 845	 197	 
2019	 3	 3	 1	 1	 1	 0	 10	 4.28642e-12	 5.82759e-09	 8.17865e-06	 0.00610054	 0.388547	 0.392547	 0.171823	 0.0409746	 	 # 0	 0	 0	 10	 364	 260	 151	 29	 
2022	 3	 3	 1	 1	 1	 0	 10	 3.65618e-12	 4.96432e-09	 6.95782e-06	 0.00519525	 0.331264	 0.389624	 0.215539	 0.0583706	 	 # 0	 0	 0	 56	 1375	 892	 96	 5	 
2023	 3	 3	 1	 1	 1	 0	 10	 3.90441e-12	 5.2987e-09	 7.40992e-06	 0.00549584	 0.341655	 0.379573	 0.212054	 0.0612148	 	 # 0	 0	 0	 4	 244	 375	 117	 8	 
1977	 3	 3	 1	 1	 2	 0	 10	 9.8257e-11	 7.9707e-08	 3.58741e-05	 0.00893203	 0.187569	 0.369241	 0.251919	 0.182303	 	 # 0	 0	 0	 0	 97	 62	 10	 6	 
1978	 3	 3	 1	 1	 2	 0	 10	 1.1111e-10	 4.32249e-08	 2.04767e-05	 0.00702846	 0.19525	 0.409198	 0.231284	 0.157219	 	 # 0	 0	 0	 0	 2	 4	 3	 1	 
1979	 3	 3	 1	 1	 2	 0	 10	 1.71411e-10	 6.26579e-08	 2.38913e-05	 0.00555419	 0.16557	 0.439638	 0.243926	 0.145288	 	 # 0	 0	 0	 0	 42	 1	 5	 14	 
1980	 3	 3	 1	 1	 2	 0	 10	 2.94554e-10	 1.06918e-07	 3.90027e-05	 0.00712076	 0.147093	 0.42756	 0.268691	 0.149496	 	 # 0	 0	 0	 0	 3	 12	 17	 8	 
1981	 3	 3	 1	 1	 2	 0	 10	 4.59474e-10	 1.67267e-07	 6.10794e-05	 0.0105838	 0.179054	 0.402108	 0.260214	 0.14798	 	 # 0	 0	 0	 0	 8	 90	 207	 158	 
1982	 3	 3	 1	 1	 2	 0	 10	 6.01166e-10	 2.1899e-07	 8.02469e-05	 0.0139062	 0.22362	 0.402442	 0.228049	 0.131902	 	 # 0	 0	 0	 4	 14	 24	 33	 30	 
1983	 3	 3	 1	 1	 2	 0	 10	 5.83875e-10	 2.14147e-07	 7.97785e-05	 0.0141651	 0.268456	 0.416376	 0.195108	 0.105815	 	 # 0	 0	 0	 3	 29	 8	 17	 18	 
1984	 3	 3	 1	 1	 2	 0	 10	 5.82085e-10	 2.13081e-07	 7.93667e-05	 0.014109	 0.271391	 0.445588	 0.184074	 0.0847583	 	 # 0	 0	 0	 10	 63	 47	 6	 1	 
1985	 3	 3	 1	 1	 2	 0	 10	 5.83578e-10	 2.13545e-07	 7.94184e-05	 0.0141034	 0.270267	 0.456805	 0.185636	 0.0731085	 	 # 0	 0	 0	 7	 90	 84	 23	 3	 
1986	 3	 3	 1	 1	 2	 0	 10	 5.9439e-10	 2.17415e-07	 8.07479e-05	 0.0143268	 0.270079	 0.459228	 0.188341	 0.0679434	 	 # 0	 0	 0	 2	 23	 43	 27	 3	 
1987	 3	 3	 1	 1	 2	 0	 10	 5.87241e-10	 2.1491e-07	 7.98945e-05	 0.014223	 0.269985	 0.459105	 0.190504	 0.066103	 	 # 0	 0	 0	 5	 53	 129	 60	 18	 
1988	 3	 3	 1	 1	 2	 0	 10	 5.42741e-10	 1.99151e-07	 7.44676e-05	 0.0134437	 0.270339	 0.460869	 0.190391	 0.0648818	 	 # 0	 0	 0	 9	 98	 148	 107	 29	 
1989	 3	 3	 1	 1	 2	 0	 10	 4.98225e-10	 1.83029e-07	 6.86915e-05	 0.0125195	 0.263115	 0.464779	 0.194078	 0.0654388	 	 # 0	 0	 0	 11	 144	 315	 221	 60	 
1990	 3	 3	 1	 1	 2	 0	 10	 4.65983e-10	 1.7113e-07	 6.42815e-05	 0.0117058	 0.252409	 0.466581	 0.201058	 0.0681817	 	 # 0	 0	 0	 1	 48	 95	 61	 14	 
1992	 3	 3	 1	 1	 2	 0	 10	 3.91009e-10	 1.43885e-07	 5.43709e-05	 0.0100308	 0.233411	 0.463476	 0.215401	 0.0776269	 	 # 0	 0	 0	 7	 203	 331	 153	 52	 
1993	 3	 3	 1	 1	 2	 0	 10	 3.84923e-10	 1.41514e-07	 5.33535e-05	 0.00985281	 0.224424	 0.460377	 0.222228	 0.0830647	 	 # 0	 0	 0	 7	 308	 778	 512	 133	 
1994	 3	 3	 1	 1	 2	 0	 10	 4.03182e-10	 1.47996e-07	 5.55256e-05	 0.010188	 0.219773	 0.452308	 0.228517	 0.089158	 	 # 0	 0	 0	 10	 76	 101	 81	 19	 
1995	 3	 3	 1	 1	 2	 0	 10	 4.24093e-10	 1.55558e-07	 5.82676e-05	 0.0106212	 0.224471	 0.448347	 0.225081	 0.0914212	 	 # 0	 0	 0	 9	 57	 87	 75	 15	 
1996	 3	 3	 1	 1	 2	 0	 10	 4.30309e-10	 1.5795e-07	 5.92246e-05	 0.0108179	 0.22932	 0.447551	 0.220784	 0.0914681	 	 # 0	 0	 0	 11	 94	 107	 62	 13	 
1997	 3	 3	 1	 1	 2	 0	 10	 4.13807e-10	 1.52206e-07	 5.72956e-05	 0.010568	 0.23197	 0.448679	 0.218356	 0.0903701	 	 # 0	 0	 0	 4	 67	 50	 32	 14	 
1998	 3	 3	 1	 1	 2	 0	 10	 3.88713e-10	 1.43136e-07	 5.40807e-05	 0.0100282	 0.230485	 0.45406	 0.216706	 0.0886661	 	 # 0	 0	 0	 23	 118	 151	 86	 32	 
1999	 3	 3	 1	 1	 2	 0	 10	 3.64455e-10	 1.3422e-07	 5.07957e-05	 0.00943779	 0.223574	 0.456884	 0.220639	 0.0894151	 	 # 0	 0	 0	 1	 13	 27	 25	 2	 
2000	 3	 3	 1	 1	 2	 0	 10	 3.65016e-10	 1.3429e-07	 5.07018e-05	 0.00939439	 0.218054	 0.457101	 0.224167	 0.0912324	 	 # 0	 0	 0	 48	 914	 1125	 609	 141	 
2001	 3	 3	 1	 1	 2	 0	 10	 3.83585e-10	 1.40887e-07	 5.29375e-05	 0.00975082	 0.214409	 0.451575	 0.229269	 0.0949437	 	 # 0	 0	 0	 17	 483	 996	 476	 134	 
2002	 3	 3	 1	 1	 2	 0	 10	 3.96883e-10	 1.45821e-07	 5.47674e-05	 0.0100739	 0.218336	 0.445023	 0.229276	 0.0972353	 	 # 0	 0	 0	 24	 147	 219	 165	 44	 
2003	 3	 3	 1	 1	 2	 0	 10	 4.07903e-10	 1.49801e-07	 5.62499e-05	 0.0103207	 0.22268	 0.443568	 0.226133	 0.0972418	 	 # 0	 0	 0	 6	 114	 243	 276	 76	 
2004	 3	 3	 1	 1	 2	 0	 10	 4.20104e-10	 1.54233e-07	 5.78561e-05	 0.0105982	 0.22579	 0.444031	 0.223797	 0.095726	 	 # 0	 0	 0	 4	 245	 333	 143	 70	 
2005	 3	 3	 1	 1	 2	 0	 10	 4.44519e-10	 1.6309e-07	 6.10377e-05	 0.0111196	 0.230562	 0.446062	 0.219471	 0.0927248	 	 # 0	 0	 0	 0	 110	 242	 102	 32	 
2006	 3	 3	 1	 1	 2	 0	 10	 4.71722e-10	 1.72932e-07	 6.45763e-05	 0.011705	 0.235991	 0.446235	 0.216242	 0.0897617	 	 # 0	 0	 0	 2	 334	 922	 464	 77	 
2007	 3	 3	 1	 1	 2	 0	 10	 4.91845e-10	 1.80221e-07	 6.72376e-05	 0.012102	 0.241708	 0.446493	 0.212781	 0.0868492	 	 # 0	 0	 0	 5	 151	 351	 186	 38	 
2008	 3	 3	 1	 1	 2	 0	 10	 2.94091e-13	 7.47986e-10	 1.9406e-06	 0.00259178	 0.257422	 0.450223	 0.207047	 0.0827149	 	 # 0	 0	 0	 8	 516	 535	 204	 62	 
2009	 3	 3	 1	 1	 2	 0	 10	 3.06973e-13	 7.80105e-10	 2.0199e-06	 0.00271289	 0.259472	 0.453404	 0.204731	 0.0796786	 	 # 0	 0	 0	 7	 463	 479	 114	 32	 
2010	 3	 3	 1	 1	 2	 0	 10	 3.18586e-13	 8.09502e-10	 2.09378e-06	 0.00281097	 0.264648	 0.452456	 0.202789	 0.0772934	 	 # 0	 0	 0	 11	 322	 322	 136	 24	 
2011	 3	 3	 1	 1	 2	 0	 10	 3.25949e-13	 8.28098e-10	 2.14102e-06	 0.00286968	 0.268565	 0.452192	 0.201239	 0.0751331	 	 # 0	 0	 0	 5	 156	 150	 42	 12	 
2012	 3	 3	 1	 1	 2	 0	 10	 3.37953e-13	 8.58084e-10	 2.21617e-06	 0.00296326	 0.274032	 0.455234	 0.196005	 0.0717633	 	 # 0	 0	 0	 1	 131	 214	 79	 13	 
2013	 3	 3	 1	 1	 2	 0	 10	 3.52132e-13	 8.92178e-10	 2.29795e-06	 0.00305846	 0.275868	 0.455999	 0.194699	 0.0703733	 	 # 0	 0	 0	 2	 85	 256	 137	 28	 
2014	 3	 3	 1	 1	 2	 0	 10	 3.49787e-13	 8.86625e-10	 2.2861e-06	 0.00305043	 0.278432	 0.45375	 0.195188	 0.0695776	 	 # 0	 0	 0	 1	 193	 405	 336	 77	 
2015	 3	 3	 1	 1	 2	 0	 10	 3.59678e-13	 9.10041e-10	 2.34127e-06	 0.00311139	 0.278831	 0.452307	 0.195967	 0.0697805	 	 # 0	 0	 0	 3	 99	 137	 137	 35	 
2016	 3	 3	 1	 1	 2	 0	 10	 3.69952e-13	 9.34192e-10	 2.39734e-06	 0.0031735	 0.278079	 0.452208	 0.196898	 0.0696395	 	 # 0	 0	 0	 2	 27	 36	 45	 10	 
2017	 3	 3	 1	 1	 2	 0	 10	 3.75805e-13	 9.5015e-10	 2.43931e-06	 0.00322529	 0.282688	 0.451076	 0.194447	 0.0685618	 	 # 0	 0	 0	 3	 100	 384	 164	 22	 
2018	 3	 3	 1	 1	 2	 0	 10	 3.59615e-13	 9.11802e-10	 2.35145e-06	 0.00313177	 0.285587	 0.453832	 0.191158	 0.066289	 	 # 0	 0	 0	 0	 23	 197	 196	 50	 
2019	 3	 3	 1	 1	 2	 0	 10	 3.15472e-13	 8.04067e-10	 2.09349e-06	 0.00283598	 0.285876	 0.460994	 0.18707	 0.0632225	 	 # 0	 0	 0	 0	 18	 119	 154	 31	 
2022	 3	 3	 1	 1	 2	 0	 10	 2.19315e-13	 5.60549e-10	 1.47293e-06	 0.00204141	 0.23655	 0.46644	 0.219705	 0.0752621	 	 # 0	 0	 0	 20	 359	 149	 24	 5	 
2023	 3	 3	 1	 1	 2	 0	 10	 2.34634e-13	 5.97613e-10	 1.55781e-06	 0.0021307	 0.226578	 0.457781	 0.229778	 0.0837303	 	 # 0	 0	 0	 1	 58	 53	 7	 0	 
1987	 3	 3	 1	 2	 1	 0	 10	 0.0295748	 0.0930517	 0.30104	 0.480143	 0.094635	 0.00154435	 1.07807e-05	 5.86339e-10	 	 # 69	 216	 367	 379	 37	 0	 0	 0	 
1988	 3	 3	 1	 2	 1	 0	 10	 0.0292904	 0.0922262	 0.299047	 0.480842	 0.0969409	 0.00164258	 1.15951e-05	 6.25853e-10	 	 # 9	 29	 108	 344	 99	 0	 0	 0	 
1989	 3	 3	 1	 2	 1	 0	 10	 0.0292419	 0.0920619	 0.298626	 0.480376	 0.0979546	 0.00172696	 1.27146e-05	 6.92454e-10	 	 # 71	 193	 242	 216	 25	 0	 0	 0	 
1990	 3	 3	 1	 2	 1	 0	 10	 0.0292669	 0.0921149	 0.298828	 0.479418	 0.0985812	 0.00177733	 1.36492e-05	 7.67225e-10	 	 # 40	 115	 137	 139	 19	 0	 0	 0	 
1992	 3	 3	 1	 2	 1	 0	 10	 0.0290389	 0.0914264	 0.297121	 0.479605	 0.100857	 0.00193583	 1.60665e-05	 9.76441e-10	 	 # 65	 99	 173	 171	 19	 0	 0	 0	 
1994	 3	 3	 1	 2	 1	 0	 10	 0.0292948	 0.0921819	 0.298707	 0.480398	 0.0976016	 0.00180042	 1.55904e-05	 1.01989e-09	 	 # 63	 50	 92	 126	 19	 0	 0	 0	 
2012	 3	 3	 1	 2	 1	 0	 10	 0.0294208	 0.0924188	 0.298619	 0.509247	 0.0701332	 0.000160882	 1.70543e-07	 6.12839e-10	 	 # 242	 137	 195	 313	 97	 9	 0	 0	 
2013	 3	 3	 1	 2	 1	 0	 10	 0.0295274	 0.0926712	 0.299171	 0.508655	 0.0698185	 0.000157291	 1.64677e-07	 5.88219e-10	 	 # 845	 722	 390	 416	 113	 6	 2	 0	 
2014	 3	 3	 1	 2	 1	 0	 10	 0.0293846	 0.0923159	 0.298372	 0.509402	 0.0703666	 0.000158615	 1.66637e-07	 5.87404e-10	 	 # 79	 175	 460	 724	 207	 14	 4	 0	 
2015	 3	 3	 1	 2	 1	 0	 10	 0.0297165	 0.093093	 0.299914	 0.508553	 0.0685675	 0.000155535	 1.66545e-07	 5.86996e-10	 	 # 26	 120	 278	 709	 303	 37	 11	 1	 
2016	 3	 3	 1	 2	 1	 0	 10	 0.0296848	 0.0930915	 0.300008	 0.508444	 0.0686197	 0.000151958	 1.61284e-07	 5.68666e-10	 	 # 19	 22	 71	 215	 71	 7	 0	 0	 
2017	 3	 3	 1	 2	 1	 0	 10	 0.0296394	 0.0929787	 0.299837	 0.508566	 0.0688279	 0.000151732	 1.58085e-07	 5.51664e-10	 	 # 53	 88	 73	 166	 137	 8	 0	 0	 
2018	 3	 3	 1	 2	 1	 0	 10	 0.0292678	 0.0920389	 0.297968	 0.509032	 0.0715345	 0.000158668	 1.62707e-07	 5.55266e-10	 	 # 52	 91	 189	 160	 12	 0	 0	 0	 
2019	 3	 3	 1	 2	 1	 0	 10	 0.0287833	 0.0906977	 0.295019	 0.510033	 0.0752898	 0.000176302	 1.80979e-07	 6.05723e-10	 	 # 30	 13	 14	 25	 2	 0	 0	 0	 
1987	 3	 3	 1	 2	 2	 0	 10	 0.00572058	 0.0336947	 0.201606	 0.577642	 0.176477	 0.00482871	 3.17442e-05	 2.43704e-09	 	 # 0	 2	 23	 47	 5	 0	 0	 0	 
1988	 3	 3	 1	 2	 2	 0	 10	 0.00555365	 0.0327981	 0.197386	 0.573521	 0.185617	 0.00509164	 3.33249e-05	 2.51262e-09	 	 # 2	 8	 23	 69	 31	 0	 0	 0	 
1989	 3	 3	 1	 2	 2	 0	 10	 0.00543956	 0.0321616	 0.194269	 0.56986	 0.192756	 0.00547872	 3.62452e-05	 2.7039e-09	 	 # 18	 34	 67	 109	 25	 0	 0	 0	 
1990	 3	 3	 1	 2	 2	 0	 10	 0.00541097	 0.0319825	 0.193354	 0.566695	 0.196668	 0.0058496	 3.99358e-05	 2.99633e-09	 	 # 8	 9	 10	 27	 3	 0	 0	 0	 
1992	 3	 3	 1	 2	 2	 0	 10	 0.00522904	 0.0309693	 0.188349	 0.559261	 0.20945	 0.00669201	 4.92741e-05	 3.92885e-09	 	 # 3	 13	 11	 23	 5	 0	 0	 0	 
1994	 3	 3	 1	 2	 2	 0	 10	 0.00538422	 0.0318091	 0.192078	 0.567222	 0.196933	 0.00652154	 5.22007e-05	 4.50608e-09	 	 # 61	 63	 128	 205	 43	 0	 0	 0	 
2012	 3	 3	 1	 2	 2	 0	 10	 0.00572184	 0.0336721	 0.20156	 0.624646	 0.133884	 0.000515507	 5.20532e-07	 2.67483e-09	 	 # 2	 2	 2	 22	 22	 0	 1	 0	 
2013	 3	 3	 1	 2	 2	 0	 10	 0.00578835	 0.0339909	 0.202915	 0.625947	 0.130857	 0.000501342	 5.02013e-07	 2.54666e-09	 	 # 2	 1	 1	 7	 2	 2	 0	 0	 
2014	 3	 3	 1	 2	 2	 0	 10	 0.00575975	 0.0338378	 0.202218	 0.625383	 0.132302	 0.000499732	 5.04145e-07	 2.52222e-09	 	 # 0	 4	 15	 50	 19	 3	 1	 0	 
2015	 3	 3	 1	 2	 2	 0	 10	 0.00581433	 0.0340964	 0.203311	 0.626219	 0.130069	 0.000489035	 4.96902e-07	 2.48333e-09	 	 # 0	 0	 2	 24	 17	 6	 1	 4	 
2016	 3	 3	 1	 2	 2	 0	 10	 0.00587417	 0.0343794	 0.204481	 0.627371	 0.127414	 0.000480241	 4.90391e-07	 2.43428e-09	 	 # 0	 0	 1	 12	 6	 2	 0	 0	 
2017	 3	 3	 1	 2	 2	 0	 10	 0.00586961	 0.0343955	 0.204662	 0.627192	 0.127409	 0.000471212	 4.76375e-07	 2.35745e-09	 	 # 2	 2	 3	 2	 7	 0	 0	 0	 
2018	 3	 3	 1	 2	 2	 0	 10	 0.00576602	 0.0338845	 0.202534	 0.625192	 0.132137	 0.000486692	 4.80764e-07	 2.33988e-09	 	 # 0	 6	 12	 7	 1	 0	 0	 1	 
2019	 3	 3	 1	 2	 2	 0	 10	 0.0055332	 0.0326865	 0.197246	 0.619302	 0.14469	 0.000540793	 5.14659e-07	 2.44118e-09	 	 # 0	 0	 1	 8	 1	 0	 0	 0	 
2012	 3	 3	 1	 0	 1	 0	 10	 0.0123916	 0.0389256	 0.125779	 0.21828	 0.254893	 0.223104	 0.100814	 0.0258119	 	 # 242	 137	 195	 339	 385	 437	 150	 19	 
2013	 3	 3	 1	 0	 1	 0	 10	 0.0125685	 0.039446	 0.127349	 0.22034	 0.256442	 0.220438	 0.0983795	 0.0250378	 	 # 845	 722	 390	 481	 722	 747	 397	 68	 
2014	 3	 3	 1	 0	 1	 0	 10	 0.0124482	 0.0391079	 0.126405	 0.219615	 0.257226	 0.221237	 0.099077	 0.0248843	 	 # 79	 175	 460	 754	 782	 419	 296	 115	 
2015	 3	 3	 1	 0	 1	 0	 10	 0.0127184	 0.039843	 0.128366	 0.221505	 0.253229	 0.219174	 0.100042	 0.0251229	 	 # 26	 120	 278	 794	 1177	 440	 162	 48	 
2016	 3	 3	 1	 0	 1	 0	 10	 0.0128178	 0.0401967	 0.129548	 0.223427	 0.255676	 0.216037	 0.0977429	 0.0245548	 	 # 19	 22	 71	 247	 607	 755	 173	 35	 
2017	 3	 3	 1	 0	 1	 0	 10	 0.0128278	 0.0402408	 0.129773	 0.223997	 0.257044	 0.216215	 0.0960258	 0.0238758	 	 # 53	 88	 73	 168	 514	 894	 496	 63	 
2018	 3	 3	 1	 0	 1	 0	 10	 0.0123969	 0.0389848	 0.126215	 0.219423	 0.261457	 0.221278	 0.096726	 0.0235194	 	 # 52	 91	 189	 181	 144	 277	 294	 69	 
2019	 3	 3	 1	 0	 1	 0	 10	 0.0116142	 0.0365969	 0.119046	 0.20944	 0.262146	 0.234224	 0.102492	 0.0244412	 	 # 30	 13	 14	 30	 20	 11	 2	 1	 
2012	 3	 3	 1	 0	 2	 0	 10	 0.00121038	 0.00712292	 0.0426393	 0.134472	 0.244386	 0.359044	 0.154543	 0.0565826	 	 # 2	 2	 2	 25	 91	 92	 34	 4	 
2013	 3	 3	 1	 0	 2	 0	 10	 0.00125322	 0.00735926	 0.0439343	 0.137918	 0.244472	 0.357381	 0.152546	 0.055137	 	 # 2	 1	 1	 8	 55	 103	 43	 12	 
2014	 3	 3	 1	 0	 2	 0	 10	 0.00124534	 0.00731619	 0.043724	 0.137607	 0.246836	 0.355751	 0.152986	 0.0545339	 	 # 0	 4	 15	 54	 97	 119	 87	 50	 
2015	 3	 3	 1	 0	 2	 0	 10	 0.00127542	 0.0074793	 0.0445996	 0.139795	 0.246199	 0.353197	 0.152981	 0.0544736	 	 # 0	 0	 2	 27	 54	 42	 32	 13	 
2016	 3	 3	 1	 0	 2	 0	 10	 0.00130666	 0.00764745	 0.0454872	 0.142022	 0.244565	 0.351724	 0.153099	 0.0541487	 	 # 0	 0	 1	 14	 64	 67	 34	 5	 
2017	 3	 3	 1	 0	 2	 0	 10	 0.00132245	 0.00774945	 0.0461132	 0.143808	 0.247703	 0.349552	 0.150637	 0.0531145	 	 # 2	 2	 3	 3	 64	 186	 86	 20	 
2018	 3	 3	 1	 0	 2	 0	 10	 0.0012729	 0.00748032	 0.0447131	 0.140457	 0.251711	 0.353752	 0.148958	 0.0516551	 	 # 0	 6	 12	 10	 25	 109	 127	 40	 
2019	 3	 3	 1	 0	 2	 0	 10	 0.00113822	 0.00672388	 0.0405768	 0.129648	 0.256833	 0.366275	 0.148588	 0.0502171	 	 # 0	 0	 1	 9	 25	 34	 34	 12	 
1976	 4	 4	 1	 0	 1	 0	 20	 0.0288164	 0.0717198	 0.116547	 0.176194	 0.188428	 0.201111	 0.13729	 0.0798945	 	 # 16	 28	 143	 272	 524	 281	 40	 5	 
1979	 3	 4	 1	 0	 1	 0	 20	 0.0746845	 0.0826093	 0.1084	 0.116607	 0.152419	 0.23122	 0.170816	 0.0632445	 	 # 3	 2	 1	 4	 10	 11	 6	 2	 
1982	 4	 4	 1	 0	 1	 0	 20	 0.123844	 0.13668	 0.177891	 0.183461	 0.175682	 0.127	 0.0554712	 0.01997	 	 # 71	 20	 42	 60	 47	 9	 0	 1	 
1985	 4	 4	 1	 0	 1	 0	 20	 0.123519	 0.135967	 0.176348	 0.180951	 0.168977	 0.139446	 0.0598723	 0.0149195	 	 # 29	 20	 28	 18	 29	 9	 5	 1	 
1988	 4	 4	 1	 0	 1	 0	 20	 0.117274	 0.129432	 0.168971	 0.176473	 0.176232	 0.150002	 0.065635	 0.015982	 	 # 60	 66	 40	 33	 29	 19	 8	 0	 
1991	 4	 4	 1	 0	 1	 0	 20	 0.108526	 0.119975	 0.157461	 0.166218	 0.177958	 0.166143	 0.0820982	 0.0216213	 	 # 66	 26	 6	 10	 20	 11	 4	 2	 
1976	 4	 4	 1	 0	 2	 0	 20	 0.0887213	 0.115656	 0.131558	 0.139176	 0.142461	 0.143812	 0.119218	 0.119398	 	 # 0	 6	 15	 33	 42	 48	 12	 7	 
1979	 3	 4	 1	 0	 2	 0	 20	 0.00454688	 0.00944396	 0.0237566	 0.0599042	 0.172121	 0.387719	 0.214729	 0.127778	 	 # 3	 1	 2	 8	 30	 88	 42	 7	 
1982	 4	 4	 1	 0	 2	 0	 20	 0.0169344	 0.0348024	 0.0826464	 0.149755	 0.192197	 0.27966	 0.154697	 0.0893076	 	 # 0	 0	 4	 5	 11	 6	 7	 9	 
1985	 4	 4	 1	 0	 2	 0	 20	 0.0168967	 0.034842	 0.083731	 0.154545	 0.228831	 0.310014	 0.122856	 0.0482847	 	 # 0	 0	 0	 6	 16	 27	 16	 4	 
1988	 4	 4	 1	 0	 2	 0	 20	 0.0153829	 0.0318435	 0.0771564	 0.145616	 0.233442	 0.32167	 0.130501	 0.0443884	 	 # 0	 0	 2	 4	 12	 27	 20	 10	 
1991	 4	 4	 1	 0	 2	 0	 20	 0.0123546	 0.0256487	 0.0627823	 0.120926	 0.222762	 0.348474	 0.153764	 0.0532891	 	 # 9	 19	 8	 26	 53	 47	 31	 6	 
1996	 3	 5	 1	 0	 1	 0	 20	 0.108308	 0.119783	 0.157212	 0.166291	 0.177355	 0.161868	 0.0842904	 0.024892	 	 # 77	 56	 35	 24	 13	 1	 1	 2	 
1999	 3	 5	 1	 0	 1	 0	 20	 0.104431	 0.115465	 0.151667	 0.160687	 0.17449	 0.171854	 0.0940549	 0.0273519	 	 # 9	 3	 29	 82	 74	 36	 9	 2	 
2002	 3	 5	 1	 0	 1	 0	 20	 0.106269	 0.117521	 0.154286	 0.163412	 0.175382	 0.164393	 0.0908614	 0.0278754	 	 # 23	 29	 33	 28	 4	 8	 6	 2	 
2006	 3	 5	 1	 0	 1	 0	 20	 0.1093	 0.120896	 0.158657	 0.167733	 0.178416	 0.159466	 0.0819559	 0.0235748	 	 # 69	 98	 80	 42	 23	 14	 9	 0	 
2008	 3	 5	 1	 0	 1	 0	 20	 0.111065	 0.122737	 0.160926	 0.169016	 0.178574	 0.158241	 0.0780046	 0.0214361	 	 # 34	 42	 58	 31	 27	 8	 5	 2	 
2011	 3	 5	 1	 0	 1	 0	 20	 0.113138	 0.125064	 0.163938	 0.172134	 0.181419	 0.153852	 0.0717896	 0.0186657	 	 # 42	 35	 27	 35	 56	 44	 10	 3	 
2014	 3	 5	 1	 0	 1	 0	 20	 0.114957	 0.126965	 0.166212	 0.174289	 0.181149	 0.150707	 0.0685323	 0.0171881	 	 # 30	 57	 91	 69	 36	 6	 5	 3	 
2017	 4	 5	 1	 0	 1	 0	 20	 0.126718	 0.139179	 0.17995	 0.184863	 0.1662	 0.131856	 0.0570724	 0.014162	 	 # 16	 14	 6	 11	 11	 12	 5	 0	 
2018	 3	 5	 1	 0	 1	 0	 14.6	 0.115868	 0.128023	 0.167636	 0.17555	 0.182492	 0.148892	 0.06561	 0.0159294	 	 # 27	 7	 8	 2	 1	 2	 3	 1	 
2019	 3	 5	 1	 0	 1	 0	 20	 0.112713	 0.12466	 0.163587	 0.172754	 0.182888	 0.156555	 0.0701431	 0.0166995	 	 # 169	 91	 10	 0	 1	 1	 1	 0	 
2020	 3	 5	 1	 0	 1	 0	 20	 0.108363	 0.119874	 0.157523	 0.167445	 0.180676	 0.167079	 0.0798469	 0.0191933	 	 # 14	 24	 33	 7	 6	 2	 0	 0	 
2021	 3	 5	 1	 0	 1	 0	 20	 0.105024	 0.116168	 0.152691	 0.162448	 0.17723	 0.173085	 0.0905202	 0.0228348	 	 # 10	 27	 35	 35	 34	 7	 1	 1	 
2023	 3	 5	 1	 0	 1	 0	 20	 0.10605	 0.117237	 0.153813	 0.162257	 0.174577	 0.165667	 0.0934585	 0.0269398	 	 # 0	 1	 8	 21	 48	 50	 16	 1	 
1996	 3	 5	 1	 0	 2	 0	 20	 0.0120518	 0.0250049	 0.0610499	 0.117755	 0.209901	 0.335793	 0.168677	 0.0697683	 	 # 1	 1	 7	 9	 12	 12	 11	 7	 
1999	 3	 5	 1	 0	 2	 0	 20	 0.010808	 0.0224805	 0.0552867	 0.108022	 0.210521	 0.350634	 0.172472	 0.0697753	 	 # 0	 0	 1	 8	 14	 11	 5	 0	 
2002	 3	 5	 1	 0	 2	 0	 20	 0.0112486	 0.0233628	 0.057148	 0.111051	 0.202864	 0.339141	 0.179276	 0.0759088	 	 # 2	 7	 17	 25	 22	 21	 13	 4	 
2006	 3	 5	 1	 0	 2	 0	 20	 0.0125311	 0.025993	 0.0633643	 0.121922	 0.21246	 0.331654	 0.16407	 0.0680051	 	 # 0	 0	 0	 6	 14	 14	 3	 1	 
2008	 3	 5	 1	 0	 2	 0	 20	 0.0132304	 0.027418	 0.0667777	 0.126955	 0.219858	 0.328927	 0.155	 0.0618341	 	 # 0	 2	 12	 17	 23	 3	 10	 1	 
2011	 3	 5	 1	 0	 2	 0	 20	 0.0143066	 0.029618	 0.071902	 0.137227	 0.224499	 0.323507	 0.144913	 0.0540274	 	 # 0	 1	 4	 7	 27	 14	 10	 0	 
2014	 3	 5	 1	 0	 2	 0	 20	 0.0151001	 0.0311867	 0.0754892	 0.143389	 0.228243	 0.31819	 0.138944	 0.049458	 	 # 0	 0	 10	 38	 20	 17	 5	 0	 
2017	 4	 5	 1	 0	 2	 0	 20	 0.0182236	 0.037389	 0.0891989	 0.165561	 0.22342	 0.297366	 0.124893	 0.0439487	 	 # 1	 2	 2	 2	 8	 21	 5	 0	 
2018	 3	 5	 1	 0	 2	 0	 14.6	 0.0156962	 0.0324088	 0.07835	 0.148256	 0.231791	 0.314038	 0.133303	 0.046157	 	 # 0	 5	 1	 3	 2	 2	 7	 2	 
2019	 3	 5	 1	 0	 2	 0	 20	 0.0145989	 0.0302698	 0.0736912	 0.141333	 0.236809	 0.323556	 0.134396	 0.0453461	 	 # 1	 1	 4	 6	 4	 7	 9	 2	 
2020	 3	 5	 1	 0	 2	 0	 20	 0.0128812	 0.0267979	 0.0657635	 0.128362	 0.235995	 0.340676	 0.142536	 0.0469889	 	 # 3	 9	 6	 2	 2	 2	 0	 1	 
2021	 3	 5	 1	 0	 2	 0	 20	 0.011501	 0.023948	 0.0589789	 0.116217	 0.22597	 0.354444	 0.157137	 0.0518037	 	 # 0	 0	 2	 0	 3	 1	 1	 1	 
2023	 3	 5	 1	 0	 2	 0	 20	 0.0112096	 0.0232574	 0.0568773	 0.110646	 0.203639	 0.351433	 0.178125	 0.0648133	 	 # 0	 0	 2	 6	 41	 39	 7	 0	 
2010	 3	 6	 1	 0	 1	 0	 14.6	 0.112592	 0.124445	 0.163124	 0.171309	 0.180773	 0.154782	 0.0734698	 0.019505	 	 # 1	 3	 4	 12	 4	 2	 0	 0	 
2017	 4	 6	 1	 0	 1	 0	 11.6	 0.126718	 0.139179	 0.17995	 0.184863	 0.1662	 0.131856	 0.0570724	 0.014162	 	 # 5	 6	 8	 3	 3	 3	 3	 2	 
2019	 3	 6	 1	 0	 1	 0	 20	 0.112713	 0.12466	 0.163587	 0.172754	 0.182888	 0.156555	 0.0701431	 0.0166995	 	 # 49	 41	 11	 5	 2	 0	 1	 1	 
2021	 3	 6	 1	 0	 1	 0	 20	 0.105024	 0.116168	 0.152691	 0.162448	 0.17723	 0.173085	 0.0905202	 0.0228348	 	 # 4	 13	 17	 13	 8	 2	 0	 0	 
2022	 4	 6	 1	 0	 1	 0	 20	 0.10984	 0.121123	 0.158075	 0.166153	 0.167316	 0.165012	 0.0885479	 0.0239347	 	 # 60	 63	 42	 38	 26	 13	 3	 2	 
2010	 3	 6	 1	 0	 2	 0	 14.6	 0.01399	 0.0289694	 0.0703725	 0.134572	 0.222103	 0.325163	 0.148362	 0.0564691	 	 # 0	 2	 6	 15	 13	 7	 2	 2	 
2017	 4	 6	 1	 0	 2	 0	 11.6	 0.0182236	 0.037389	 0.0891989	 0.165561	 0.22342	 0.297366	 0.124893	 0.0439487	 	 # 2	 0	 2	 3	 2	 11	 3	 2	 
2019	 3	 6	 1	 0	 2	 0	 20	 0.0145989	 0.0302698	 0.0736912	 0.141333	 0.236809	 0.323556	 0.134396	 0.0453461	 	 # 5	 2	 6	 3	 2	 1	 5	 1	 
2021	 3	 6	 1	 0	 2	 0	 20	 0.011501	 0.023948	 0.0589789	 0.116217	 0.22597	 0.354444	 0.157137	 0.0518037	 	 # 1	 4	 9	 5	 5	 1	 0	 0	 
2022	 4	 6	 1	 0	 2	 0	 20	 0.0118256	 0.0245471	 0.0600609	 0.11718	 0.21444	 0.354556	 0.162	 0.05539	 	 # 8	 8	 27	 29	 29	 19	 9	 2	 
1982	 1	 7	 1	 0	 1	 0	 10	 0.0122005	 0.085214	 0.19162	 0.255181	 0.244121	 0.154047	 0.0510465	 0.0065709	 	 # 0	 72	 164	 154	 50	 14	 12	 0	 
1983	 1	 7	 1	 0	 1	 0	 10	 0.0115495	 0.0806868	 0.182128	 0.246037	 0.244748	 0.175439	 0.0537534	 0.00565889	 	 # 68	 215.5	 711.5	 719	 543	 178	 18	 3.5	 
1984	 1	 7	 1	 0	 1	 0	 10	 0.0114928	 0.0802861	 0.181077	 0.244289	 0.243472	 0.177884	 0.0562837	 0.00521652	 	 # 23	 271	 433.5	 379	 248.5	 99.5	 9	 0.5	 
1985	 1	 7	 1	 0	 1	 0	 10	 0.0114975	 0.0803181	 0.181122	 0.244137	 0.242769	 0.177679	 0.0573758	 0.0051012	 	 # 16	 72	 199	 279.5	 122.5	 44	 7	 0.5	 
1986	 1	 7	 1	 0	 1	 0	 10	 0.0115177	 0.080459	 0.181428	 0.244463	 0.242862	 0.176848	 0.0573741	 0.00504845	 	 # 25.5	 72.5	 102	 145	 115	 49	 7	 0.5	 
1987	 1	 7	 1	 0	 1	 0	 10	 0.0115911	 0.0809707	 0.182536	 0.245703	 0.243358	 0.174728	 0.0561922	 0.00492166	 	 # 0	 8	 22	 28	 10	 6	 0	 0	 
1989	 1	 7	 1	 0	 1	 0	 10	 0.0111704	 0.0780386	 0.176167	 0.238536	 0.24115	 0.186424	 0.062988	 0.00552567	 	 # 8	 66	 74.5	 66.5	 95.5	 86.5	 17	 0	 
1990	 1	 7	 1	 0	 1	 0	 10	 0.0110644	 0.0772975	 0.174493	 0.236337	 0.239532	 0.188876	 0.0664047	 0.00599521	 	 # 7	 102.5	 430	 542	 372	 253	 118	 29.5	 
1991	 1	 7	 1	 0	 1	 0	 10	 0.0109715	 0.0766498	 0.17305	 0.234462	 0.237879	 0.190977	 0.0694887	 0.00652227	 	 # 2	 16	 118	 366	 343	 123	 13	 1	 
1993	 1	 7	 1	 0	 1	 0	 10	 0.0106786	 0.0746051	 0.168501	 0.228775	 0.234421	 0.197516	 0.0775951	 0.00790912	 	 # 0	 1	 6	 10	 23	 21	 5	 0	 
1995	 1	 7	 1	 0	 1	 0	 10	 0.0109838	 0.0767331	 0.17317	 0.234267	 0.237104	 0.188445	 0.0716742	 0.00762312	 	 # 8	 49	 68	 84	 219	 199	 61	 11	 
1996	 1	 7	 1	 0	 1	 0	 10	 0.0110588	 0.0772568	 0.174337	 0.235732	 0.237977	 0.186872	 0.0694407	 0.00732504	 	 # 102	 215	 320	 307	 181	 106	 40	 7	 
1997	 1	 7	 1	 0	 1	 0	 10	 0.0109683	 0.076627	 0.173002	 0.234408	 0.238039	 0.189721	 0.069988	 0.00724658	 	 # 28	 85	 87	 44	 58	 45	 21	 4	 
1998	 1	 7	 1	 0	 1	 0	 10	 0.010776	 0.075286	 0.170067	 0.231005	 0.236749	 0.195162	 0.0734282	 0.00752611	 	 # 1	 122	 364	 234	 48	 21	 3	 0	 
1999	 1	 7	 1	 0	 1	 0	 10	 0.0106367	 0.0743136	 0.167892	 0.228227	 0.234659	 0.198742	 0.0774935	 0.0080363	 	 # 6	 25	 152	 464	 469	 109	 17	 3	 
2000	 1	 7	 1	 0	 1	 0	 10	 0.0105571	 0.0737575	 0.166639	 0.226559	 0.233346	 0.200116	 0.080459	 0.00856673	 	 # 10	 50	 60	 93	 189	 101	 20	 1	 
2002	 1	 7	 1	 0	 1	 0	 10	 0.0108845	 0.0760406	 0.171655	 0.2325	 0.2363	 0.190562	 0.073956	 0.00810142	 	 # 45	 244	 215	 137	 53	 52	 32	 7	 
2003	 1	 7	 1	 0	 1	 0	 10	 0.0109056	 0.0761888	 0.171999	 0.23302	 0.236884	 0.19056	 0.0725909	 0.00785169	 	 # 20	 80	 180	 233	 145	 49	 20	 4	 
2004	 1	 7	 1	 0	 1	 0	 10	 0.0109618	 0.0765801	 0.172848	 0.233979	 0.237298	 0.189409	 0.0713161	 0.00760722	 	 # 0	 5	 48	 77	 94	 42	 4	 0	 
2005	 1	 7	 1	 0	 1	 0	 10	 0.0110445	 0.0771572	 0.174126	 0.235571	 0.238275	 0.187276	 0.0692885	 0.00726151	 	 # 2	 30	 57	 72	 88	 75	 30	 1	 
2006	 1	 7	 1	 0	 1	 0	 10	 0.0111769	 0.0780807	 0.176149	 0.237941	 0.239305	 0.184028	 0.0664831	 0.00683633	 	 # 2	 72	 116	 107	 80	 28	 10	 1	 
2007	 1	 7	 1	 0	 1	 0	 10	 0.0112784	 0.078789	 0.177725	 0.239913	 0.240559	 0.181596	 0.0637537	 0.00638625	 	 # 11	 22	 31	 56	 21	 7	 0	 0	 
2008	 1	 7	 1	 0	 1	 0	 10	 0.0112539	 0.0786193	 0.177381	 0.239599	 0.240248	 0.183031	 0.0636442	 0.00622346	 	 # 50	 514	 884	 596	 513	 234	 24	 4	 
2009	 1	 7	 1	 0	 1	 0	 10	 0.0113607	 0.0793631	 0.178976	 0.241353	 0.241584	 0.179656	 0.0617607	 0.00594658	 	 # 1	 37	 69	 184	 106	 44	 5	 2	 
2010	 1	 7	 1	 0	 1	 0	 10	 0.0114061	 0.07968	 0.179693	 0.242291	 0.242531	 0.178572	 0.0601405	 0.00568668	 	 # 4	 27	 74	 124	 141	 65	 10	 1	 
2011	 1	 7	 1	 0	 1	 0	 10	 0.0114654	 0.0800936	 0.180599	 0.243363	 0.243059	 0.177255	 0.0587231	 0.00544188	 	 # 11	 46	 80	 122	 102	 78	 29	 1	 
2012	 1	 7	 1	 0	 1	 0	 10	 0.011463	 0.0800776	 0.180585	 0.243444	 0.243271	 0.177584	 0.0582789	 0.00529662	 	 # 17	 76	 154	 128	 82	 85	 27	 3	 
1982	 1	 7	 1	 0	 2	 0	 10	 0.00151839	 0.0197482	 0.0810256	 0.189582	 0.243073	 0.308741	 0.129566	 0.0267454	 	 # 0	 36	 82	 79	 29	 11	 14	 2	 
1983	 1	 7	 1	 0	 2	 0	 10	 0.0013745	 0.0180261	 0.0754146	 0.182898	 0.283474	 0.312027	 0.106272	 0.0205138	 	 # 0	 0	 0	 10	 49	 24.5	 21.5	 21	 
1984	 1	 7	 1	 0	 2	 0	 10	 0.00134596	 0.0176208	 0.0737292	 0.179215	 0.28273	 0.329643	 0.0994269	 0.0162897	 	 # 0	 0	 1	 29.5	 107.5	 54.5	 11	 9.5	 
1985	 1	 7	 1	 0	 2	 0	 10	 0.0013389	 0.0175212	 0.0732099	 0.177504	 0.279873	 0.336273	 0.100226	 0.0140543	 	 # 0	 0	 1	 5	 22.5	 18.5	 1	 0	 
1986	 1	 7	 1	 0	 2	 0	 10	 0.00134385	 0.0175839	 0.0734224	 0.177964	 0.278224	 0.336967	 0.101462	 0.0130321	 	 # 0	 0	 2	 8.5	 34.5	 25	 7	 0	 
1987	 1	 7	 1	 0	 2	 0	 10	 0.0013709	 0.0179278	 0.0747464	 0.180742	 0.277486	 0.334048	 0.10117	 0.012508	 	 # 0	 0	 1	 6	 43	 16	 4	 0	 
1989	 1	 7	 1	 0	 2	 0	 10	 0.00122663	 0.0160935	 0.0676524	 0.167042	 0.280126	 0.349127	 0.105996	 0.0127371	 	 # 0	 0	 0	 1	 26	 42	 16	 1	 
1990	 1	 7	 1	 0	 2	 0	 10	 0.00117676	 0.0154387	 0.0649491	 0.160705	 0.274894	 0.357599	 0.111768	 0.013469	 	 # 0	 0	 0	 2	 54.5	 116	 44	 5.5	 
1991	 1	 7	 1	 0	 2	 0	 10	 0.00113364	 0.0148731	 0.0626251	 0.15482	 0.270267	 0.363565	 0.118127	 0.0145904	 	 # 0	 0	 0	 5	 34	 149	 92	 21	 
1993	 1	 7	 1	 0	 2	 0	 10	 0.00102451	 0.013453	 0.0568369	 0.141907	 0.25998	 0.377176	 0.13202	 0.0176032	 	 # 0	 0	 0	 3	 35	 49	 19	 9	 
1995	 1	 7	 1	 0	 2	 0	 10	 0.00110878	 0.0145359	 0.0610553	 0.151006	 0.257511	 0.363587	 0.132118	 0.0190784	 	 # 0	 1	 0	 3	 28	 61	 53	 13	 
1996	 1	 7	 1	 0	 2	 0	 10	 0.00113856	 0.0149219	 0.0626395	 0.15445	 0.260595	 0.358685	 0.128573	 0.0189962	 	 # 0	 0	 5	 20	 87	 114	 55	 21	 
1997	 1	 7	 1	 0	 2	 0	 10	 0.00112177	 0.0147218	 0.0619501	 0.153699	 0.264463	 0.35945	 0.125985	 0.0186102	 	 # 0	 0	 0	 0	 7	 10	 5	 4	 
1998	 1	 7	 1	 0	 2	 0	 10	 0.00106741	 0.014027	 0.0592361	 0.148315	 0.265442	 0.366512	 0.12691	 0.0184902	 	 # 0	 1	 6	 14	 28	 15	 16	 8	 
1999	 1	 7	 1	 0	 2	 0	 10	 0.00101797	 0.0133794	 0.0565941	 0.141875	 0.261803	 0.374968	 0.131406	 0.0189575	 	 # 0	 0	 0	 13	 29	 9	 8	 3	 
2000	 1	 7	 1	 0	 2	 0	 10	 0.000985775	 0.0129564	 0.0548234	 0.137687	 0.256635	 0.380101	 0.136958	 0.0198532	 	 # 0	 0	 0	 1	 29	 13	 7	 1	 
2002	 1	 7	 1	 0	 2	 0	 10	 0.00107445	 0.0140975	 0.0592951	 0.147351	 0.2549	 0.366625	 0.136083	 0.0205741	 	 # 5	 4	 7	 6	 4	 12	 4	 1	 
2003	 1	 7	 1	 0	 2	 0	 10	 0.00108858	 0.0142838	 0.0601075	 0.149343	 0.258541	 0.363615	 0.132718	 0.020303	 	 # 1	 5	 5	 18	 20	 22	 17	 5	 
2004	 1	 7	 1	 0	 2	 0	 10	 0.00110777	 0.0145268	 0.0610784	 0.151357	 0.260053	 0.361994	 0.130034	 0.0198494	 	 # 0	 0	 3	 5	 6	 4	 6	 2	 
2005	 1	 7	 1	 0	 2	 0	 10	 0.00113829	 0.0149257	 0.062676	 0.155022	 0.261544	 0.358805	 0.126796	 0.0190928	 	 # 0	 1	 1	 1	 16	 24	 5	 2	 
2006	 1	 7	 1	 0	 2	 0	 10	 0.00118442	 0.0155168	 0.0650252	 0.159863	 0.263397	 0.353766	 0.12302	 0.0182277	 	 # 0	 4	 5	 9	 22	 38	 15	 3	 
2007	 1	 7	 1	 0	 2	 0	 10	 0.00122794	 0.016084	 0.0673172	 0.165093	 0.266532	 0.348222	 0.118349	 0.0171741	 	 # 0	 0	 1	 1	 3	 6	 0	 0	 
2008	 1	 7	 1	 0	 2	 0	 10	 0.00122637	 0.0160661	 0.0673339	 0.164637	 0.270586	 0.348039	 0.115689	 0.0164224	 	 # 22	 148	 239	 120	 118	 53	 28	 5	 
2009	 1	 7	 1	 0	 2	 0	 10	 0.00126433	 0.0165455	 0.0691899	 0.169591	 0.268718	 0.345597	 0.113389	 0.0157053	 	 # 0	 0	 1	 1	 20	 52	 2	 1	 
2010	 1	 7	 1	 0	 2	 0	 10	 0.00128976	 0.0168801	 0.0705467	 0.17321	 0.271176	 0.341395	 0.110521	 0.0149826	 	 # 0	 0	 4	 33	 58	 31	 5	 1	 
2011	 1	 7	 1	 0	 2	 0	 10	 0.00131632	 0.0172214	 0.0719159	 0.176146	 0.27308	 0.338396	 0.107622	 0.014301	 	 # 1	 0	 7	 19	 66	 27	 7	 0	 
2012	 1	 7	 1	 0	 2	 0	 10	 0.00132202	 0.0173013	 0.0722814	 0.177077	 0.275393	 0.337434	 0.105483	 0.013709	 	 # 0	 2	 2	 6	 35	 35	 21	 2	 

##  Growth data (increment)
# Type of growth increment (0=no growth data;1=size-at-release; 2= size-class-at-release)
3
# nobs_growth
66
# Growth data
 1 1 2 1 1 3 1993 1
 1 1 3 1 1 3 1993 4
 1 1 3 2 1 3 1993 1
 1 1 4 2 1 3 1993 6
 1 1 5 2 1 3 1993 4
 1 1 5 3 1 3 1993 11
 1 1 6 3 1 3 1993 11
 2 1 3 1 1 3 1993 21
 2 1 4 1 1 3 1993 22
 2 1 4 2 1 3 1993 12
 2 1 5 1 1 3 1993 4
 2 1 5 2 1 3 1993 96
 2 1 5 3 1 3 1993 19
 2 1 6 2 1 3 1993 5
 2 1 6 3 1 3 1993 48
 2 1 7 3 1 3 1993 6
 3 1 4 1 1 3 1993 47
 3 1 4 2 1 3 1993 5
 3 1 4 3 1 3 1993 2
 3 1 5 1 1 3 1993 91
 3 1 5 2 1 3 1993 36
 3 1 5 3 1 3 1993 14
 3 1 6 1 1 3 1993 7
 3 1 6 2 1 3 1993 70
 3 1 6 3 1 3 1993 28
 3 1 7 1 1 3 1993 1
 3 1 7 2 1 3 1993 3
 3 1 7 3 1 3 1993 9
 4 1 4 1 1 3 1993 10
 4 1 4 2 1 3 1993 2
 4 1 5 1 1 3 1993 196
 4 1 5 2 1 3 1993 34
 4 1 5 3 1 3 1993 3
 4 1 6 1 1 3 1993 108
 4 1 6 2 1 3 1993 39
 4 1 6 3 1 3 1993 35
 4 1 7 1 1 3 1993 2
 4 1 7 2 1 3 1993 19
 4 1 7 3 1 3 1993 14
 4 1 8 1 1 3 1993 1
 5 1 5 1 1 3 1993 75
 5 1 5 2 1 3 1993 7
 5 1 6 1 1 3 1993 143
 5 1 6 2 1 3 1993 77
 5 1 6 3 1 3 1993 9
 5 1 7 1 1 3 1993 22
 5 1 7 2 1 3 1993 24
 5 1 7 3 1 3 1993 21
 5 1 8 3 1 3 1993 4
 6 1 6 1 1 3 1993 88
 6 1 6 2 1 3 1993 11
 6 1 7 1 1 3 1993 98
 6 1 7 2 1 3 1993 47
 6 1 7 3 1 3 1993 11
 6 1 8 1 1 3 1993 24
 6 1 8 2 1 3 1993 7
 6 1 8 3 1 3 1993 3
 7 1 7 1 1 3 1993 56
 7 1 7 2 1 3 1993 9
 7 1 7 3 1 3 1993 1
 7 1 8 1 1 3 1993 25
 7 1 8 2 1 3 1993 16
 7 1 8 3 1 3 1993 9
 8 1 8 1 1 3 1993 26
 8 1 8 2 1 3 1993 8
 8 1 8 3 1 3 1993 1

# Environmental data
# Number of series
0
# Year ranges

# Indices
# Index Year Value


## eof
9999
