#========================================================================================================
 # Gmacs Main Data File
1960 # Start year
2022 # End year
6 # Number of seasons
2 # Number of distinct data groups (fleet, among fishing fleets and surveys)
1 # Number of sexes
1 # Number of shell condition types
1 # Number of maturity types
17 # Number of size-classes in the model
6 # Season recruitment occurs
6 # Season molting and growth occurs
5 # Season to calculate SSB (changed to match Feb mating)
1 # Season for N output
# maximum size-class (males then females)
 17
# size_breaks (a vector giving the break points between size intervals with dimension nclass+1)
 103 108 113 118 123 128 133 138 143 148 153 158 163 168 173 178 183
# Natural mortality per season input type (1 = vector by season, 2 = matrix by season/year)
2
# Proportion of the total natural mortality to be applied each season
 0 0.166667 0 0.460731 0 0.372603
 0 0.166667 0 0.460731 0 0.372603
 0 0.166667 0 0.460731 0 0.372603
 0 0.166667 0 0.460731 0 0.372603
 0 0.166667 0 0.460731 0 0.372603
 0 0.166667 0 0.460731 0 0.372603
 0 0.166667 0 0.460731 0 0.372603
 0 0.166667 0 0.460731 0 0.372603
 0 0.166667 0 0.460731 0 0.372603
 0 0.166667 0 0.460731 0 0.372603
 0 0.166667 0 0.460731 0 0.372603
 0 0.166667 0 0.460731 0 0.372603
 0 0.166667 0 0.460731 0 0.372603
 0 0.166667 0 0.460731 0 0.372603
 0 0.166667 0 0.460731 0 0.372603
 0 0.166667 0 0.460731 0 0.372603
 0 0.166667 0 0.460731 0 0.372603
 0 0.166667 0 0.460731 0 0.372603
 0 0.166667 0 0.460731 0 0.372603
 0 0.166667 0 0.460731 0 0.372603
 0 0.166667 0 0.460731 0 0.372603
 0 0.439726 0 0.187671 0 0.372603
 0 0.482192 0 0.145205 0 0.372603
 0 0.482192 0 0.145205 0 0.372603
 0 0.313699 0 0.313699 0 0.372603
 0 0.167123 0 0.460274 0 0.372603
 0 0.250685 0 0.376712 0 0.372603
 0 0.0863014 0 0.541096 0 0.372603
 0 0.29863 0 0.328767 0 0.372603
 0 0.39863 0 0.228767 0 0.372603
 0 0.264384 0 0.363014 0 0.372603
 0 0.272603 0 0.354795 0 0.372603
 0 0.275342 0 0.352055 0 0.372603
 0 0.417808 0 0.209589 0 0.372603
 0 0.247945 0 0.379452 0 0.372603
 0 0.221918 0 0.405479 0 0.372603
 0 0.327397 0 0.3 0 0.372603
 0 0.284932 0 0.342466 0 0.372603
 0 0.261644 0 0.365753 0 0.372603
 0 0.243836 0 0.383562 0 0.372603
 0 0.178082 0 0.449315 0 0.372603
 0 0.158904 0 0.468493 0 0.372603
 0 0.154795 0 0.472603 0 0.372603
 0 0.156164 0 0.471233 0 0.372603
 0 0.142466 0 0.484932 0 0.372603
 0 0.49726 0 0.130137 0 0.372603
 0 0.49726 0 0.130137 0 0.372603
 0 0.49863 0 0.128767 0 0.372603
 0 0.49726 0 0.130137 0 0.372603
 0 0.49726 0 0.130137 0 0.372603
 0 0.49726 0 0.130137 0 0.372603
 0 0.49863 0 0.128767 0 0.372603
 0 0.49726 0 0.130137 0 0.372603
 0 0.49726 0 0.130137 0 0.372603
 0 0.49726 0 0.130137 0 0.372603
 0 0.458904 0 0.168493 0 0.372603
 0 0.457534 0 0.169863 0 0.372603
 0 0.457534 0 0.169863 0 0.372603
 0 0.457534 0 0.169863 0 0.372603
 0 0.435616 0 0.191781 0 0.372603
 0 0.457534 0 0.169863 0 0.372603
 0 0.415068 0 0.212329 0 0.372603
 0 0.408219 0 0.219178 0 0.372603

# Fishing fleet and survey names
Pot_Fishery
Trawl_Bycatch
# Are the seasons instantaneous (0) or continuous (1)
 1 1 1 1 1 1
# Number of catch data frames
3
# Number of rows in each data frame
 42 32 32


##  CATCH DATA
##  Type of catch: 1 = retained, 2 = discard
##  Units of catch: 1 = biomass, 2 = numbers
# year  seas    fleet   sex     obs     cv      type    units   mult    effort  discard_mortality # original
1981	 3	 1	 1	 204.001	 0.0316	 1	 2	 1	 0	 0.2	  # 203.968
1982	 3	 1	 1	 530.024	 0.0316	 1	 2	 1	 0	 0.2	  # 529.787
1983	 3	 1	 1	 662.647	 0.0316	 1	 2	 1	 0	 0.2	  # 662.28
1984	 3	 1	 1	 801.569	 0.0316	 1	 2	 1	 0	 0.2	  # 801.1
1985	 3	 1	 1	 2957	 0.0316	 1	 1	 1	 0	 0.2	  # 2955.05
1986	 3	 1	 1	 2686.65	 0.0316	 1	 1	 1	 0	 0.2	  # 2686.36
1987	 3	 1	 1	 2009.15	 0.0316	 1	 1	 1	 0	 0.2	  # 2010.2
1988	 3	 1	 1	 2334.07	 0.0316	 1	 1	 1	 0	 0.2	  # 2335.44
1989	 3	 1	 1	 2665.49	 0.0316	 1	 1	 1	 0	 0.2	  # 2665.65
1990	 3	 1	 1	 1688.5	 0.0316	 1	 1	 1	 0	 0.2	  # 1688.08
1991	 3	 1	 1	 2035.64	 0.0316	 1	 1	 1	 0	 0.2	  # 2035.44
1992	 3	 1	 1	 2113.3	 0.0316	 1	 1	 1	 0	 0.2	  # 2111.62
1993	 3	 1	 1	 1438.94	 0.0316	 1	 1	 1	 0	 0.2	  # 1439.1
1994	 3	 1	 1	 2042.37	 0.0316	 1	 1	 1	 0	 0.2	  # 2044.33
1995	 3	 1	 1	 2261.77	 0.0316	 1	 1	 1	 0	 0.2	  # 2258.56
1996	 3	 1	 1	 1717.57	 0.0316	 1	 1	 1	 0	 0.2	  # 1737.91
1997	 3	 1	 1	 1605.61	 0.0316	 1	 1	 1	 0	 0.2	  # 1588.05
1998	 3	 1	 1	 1483.7	 0.0316	 1	 1	 1	 0	 0.2	  # 1473.2
1999	 3	 1	 1	 1392.81	 0.0316	 1	 1	 1	 0	 0.2	  # 1392.48
2000	 3	 1	 1	 1440.69	 0.0316	 1	 1	 1	 0	 0.2	  # 1421.59
2001	 3	 1	 1	 1428.26	 0.0316	 1	 1	 1	 0	 0.2	  # 1441.81
2002	 3	 1	 1	 1278.73	 0.0316	 1	 1	 1	 0	 0.2	  # 1279.97
2003	 3	 1	 1	 1345.19	 0.0316	 1	 1	 1	 0	 0.2	  # 1350.37
2004	 3	 1	 1	 1301.73	 0.0316	 1	 1	 1	 0	 0.2	  # 1309.44
2005	 3	 1	 1	 1303.46	 0.0316	 1	 1	 1	 0	 0.2	  # 1300.27
2006	 3	 1	 1	 1355.94	 0.0316	 1	 1	 1	 0	 0.2	  # 1357.15
2007	 3	 1	 1	 1360.16	 0.0316	 1	 1	 1	 0	 0.2	  # 1356.24
2008	 3	 1	 1	 1426.94	 0.0316	 1	 1	 1	 0	 0.2	  # 1426.29
2009	 3	 1	 1	 1428.85	 0.0316	 1	 1	 1	 0	 0.2	  # 1429.03
2010	 3	 1	 1	 1425.91	 0.0316	 1	 1	 1	 0	 0.2	  # 1427.99
2011	 3	 1	 1	 1428.5	 0.0316	 1	 1	 1	 0	 0.2	  # 1428.98
2012	 3	 1	 1	 1505.29	 0.0316	 1	 1	 1	 0	 0.2	  # 1503.71
2013	 3	 1	 1	 1545.87	 0.0316	 1	 1	 1	 0	 0.2	  # 1546.31
2014	 3	 1	 1	 1555.06	 0.0316	 1	 1	 1	 0	 0.2	  # 1554.02
2015	 3	 1	 1	 1595.05	 0.0316	 1	 1	 1	 0	 0.2	  # 1589.68
2016	 3	 1	 1	 1583.88	 0.0316	 1	 1	 1	 0	 0.2	  # 1578.29
2017	 3	 1	 1	 1577.85	 0.0316	 1	 1	 1	 0	 0.2	  # 1571.44
2018	 3	 1	 1	 1837.08	 0.0316	 1	 1	 1	 0	 0.2	  # 1829.9
2019	 3	 1	 1	 2038.63	 0.0316	 1	 1	 1	 0	 0.2	  # 2030.63
2020	 3	 1	 1	 1740.59	 0.0316	 1	 1	 1	 0	 0.2	  # 1733.23
2021	 3	 1	 1	 1711	 0.0316	 1	 1	 1	 0	 0.2	  # 1706.27
2022	 3	 1	 1	 1587.3	 0.0316	 1	 1	 1	 0	 0.2	  # 1584.87
1990	 3	 1	 1	 3479.88	 0.284	 0	 1	 1	 0	 0.2	  # 3520.69
1991	 3	 1	 1	 4024.24	 0.353	 0	 1	 1	 0	 0.2	  # 3942.6
1992	 3	 1	 1	 4313.61	 0.34	 0	 1	 1	 0	 0.2	  # 5053.77
1994	 3	 1	 1	 4102.15	 0.528	 0	 1	 1	 0	 0.2	  # 3974.38
1995	 3	 1	 1	 4579.9	 0.049	 0	 1	 1	 0	 0.2	  # 4657.69
1996	 3	 1	 1	 3386.21	 0.045	 0	 1	 1	 0	 0.2	  # 3207.04
1997	 3	 1	 1	 2754.09	 0.054	 0	 1	 1	 0	 0.2	  # 2899.98
1998	 3	 1	 1	 2794.98	 0.059	 0	 1	 1	 0	 0.2	  # 2948.79
1999	 3	 1	 1	 2546.62	 0.059	 0	 1	 1	 0	 0.2	  # 2541.14
2000	 3	 1	 1	 2449.63	 0.048	 0	 1	 1	 0	 0.2	  # 2591.51
2001	 3	 1	 1	 2264.19	 0.05	 0	 1	 1	 0	 0.2	  # 2153.61
2002	 3	 1	 1	 1890.43	 0.054	 0	 1	 1	 0	 0.2	  # 1871.34
2003	 3	 1	 1	 1900.87	 0.054	 0	 1	 1	 0	 0.2	  # 1854.61
2004	 3	 1	 1	 1772.87	 0.072	 0	 1	 1	 0	 0.2	  # 1670.63
2005	 3	 1	 1	 1536.44	 0.094	 0	 1	 1	 0	 0.2	  # 1620.39
2006	 3	 1	 1	 1613.95	 0.097	 0	 1	 1	 0	 0.2	  # 1616.62
2007	 3	 1	 1	 1622.06	 0.102	 0	 1	 1	 0	 0.2	  # 1754.94
2008	 3	 1	 1	 1699.13	 0.13	 0	 1	 1	 0	 0.2	  # 1773.78
2009	 3	 1	 1	 1718.08	 0.159	 0	 1	 1	 0	 0.2	  # 1792.53
2010	 3	 1	 1	 1714.19	 0.155	 0	 1	 1	 0	 0.2	  # 1701.54
2011	 3	 1	 1	 1697.42	 0.169	 0	 1	 1	 0	 0.2	  # 1800.52
2012	 3	 1	 1	 1773.65	 0.153	 0	 1	 1	 0	 0.2	  # 1946
2013	 3	 1	 1	 1819.3	 0.141	 0	 1	 1	 0	 0.2	  # 1853.44
2014	 3	 1	 1	 1851.49	 0.166	 0	 1	 1	 0	 0.2	  # 1965.09
2015	 3	 1	 1	 1966.51	 0.141	 0	 1	 1	 0	 0.2	  # 2205.79
2016	 3	 1	 1	 2038.38	 0.124	 0	 1	 1	 0	 0.2	  # 2214.12
2017	 3	 1	 1	 2075.25	 0.132	 0	 1	 1	 0	 0.2	  # 2332.14
2018	 3	 1	 1	 2446.29	 0.141	 0	 1	 1	 0	 0.2	  # 2778.05
2019	 3	 1	 1	 2726.56	 0.132	 0	 1	 1	 0	 0.2	  # 3039.16
2020	 3	 1	 1	 2265.69	 0.134	 0	 1	 1	 0	 0.2	  # 2604.35
2021	 3	 1	 1	 2135.38	 0.147	 0	 1	 1	 0	 0.2	  # 2386.39
2022	 3	 1	 1	 1897.44	 0.175	 0	 1	 1	 0	 0.2	  # 2078.47
1991	 3	 2	 1	 0.0697217	 1.3108	 2	 1	 1.53846	 0	 0.65	  # 0.0449
1992	 3	 2	 1	 0.202979	 1.3108	 2	 1	 1.53846	 0	 0.65	  # 0.131
1993	 3	 2	 1	 5.67988	 1.3108	 2	 1	 1.53846	 0	 0.65	  # 3.69
1994	 3	 2	 1	 2.01467	 1.3108	 2	 1	 1.53846	 0	 0.65	  # 1.3066
1995	 3	 2	 1	 1.85572	 1.3108	 2	 1	 1.53846	 0	 0.65	  # 1.2031
1996	 3	 2	 1	 0.563155	 1.3108	 2	 1	 1.53846	 0	 0.65	  # 0.3643
1997	 3	 2	 1	 0.134873	 1.3108	 2	 1	 1.53846	 0	 0.65	  # 0.087
1998	 3	 2	 1	 1.38623	 1.3108	 2	 1	 1.53846	 0	 0.65	  # 0.8977
1999	 3	 2	 1	 4.66757	 1.3108	 2	 1	 1.53846	 0	 0.65	  # 3.0193
2000	 3	 2	 1	 2.58826	 1.3108	 2	 1	 1.53846	 0	 0.65	  # 1.6767
2001	 3	 2	 1	 0.491149	 1.3108	 2	 1	 1.53846	 0	 0.65	  # 0.3174
2002	 3	 2	 1	 32.593	 1.3108	 2	 1	 1.53846	 0	 0.65	  # 21.4328
2003	 3	 2	 1	 30.1079	 1.3108	 2	 1	 1.53846	 0	 0.65	  # 20.0261
2004	 3	 2	 1	 1.25572	 1.3108	 2	 1	 1.53846	 0	 0.65	  # 0.8139
2005	 3	 2	 1	 1.30217	 1.3108	 2	 1	 1.53846	 0	 0.65	  # 0.8443
2006	 3	 2	 1	 31.6331	 1.3108	 2	 1	 1.53846	 0	 0.65	  # 21.2875
2007	 3	 2	 1	 92.255	 1.3108	 2	 1	 1.53846	 0	 0.65	  # 66.1236
2008	 3	 2	 1	 42.8539	 1.3108	 2	 1	 1.53846	 0	 0.65	  # 29.1853
2009	 3	 2	 1	 26.1986	 1.3108	 2	 1	 1.53846	 0	 0.65	  # 17.5489
2010	 3	 2	 1	 69.8879	 1.3108	 2	 1	 1.53846	 0	 0.65	  # 49.3133
2011	 3	 2	 1	 37.4243	 1.3108	 2	 1	 1.53846	 0	 0.65	  # 25.2811
2012	 3	 2	 1	 14.4033	 1.3108	 2	 1	 1.53846	 0	 0.65	  # 9.4625
2013	 3	 2	 1	 7.7136	 1.3108	 2	 1	 1.53846	 0	 0.65	  # 5.0306
2014	 3	 2	 1	 14.5036	 1.3108	 2	 1	 1.53846	 0	 0.65	  # 9.4497
2015	 3	 2	 1	 35.1016	 1.3108	 2	 1	 1.53846	 0	 0.65	  # 22.6755
2016	 3	 2	 1	 153.947	 1.3108	 2	 1	 1.53846	 0	 0.65	  # 95.4825
2017	 3	 2	 1	 71.269	 1.3108	 2	 1	 1.53846	 0	 0.65	  # 45.6859
2018	 3	 2	 1	 36.7233	 1.3108	 2	 1	 1.53846	 0	 0.65	  # 23.7613
2019	 3	 2	 1	 25.9444	 1.3108	 2	 1	 1.53846	 0	 0.65	  # 16.8175
2020	 3	 2	 1	 195.494	 1.3108	 2	 1	 1.53846	 0	 0.65	  # 125.417
2021	 3	 2	 1	 25.8538	 1.3108	 2	 1	 1.53846	 0	 0.65	  # 16.8132
2022	 3	 2	 1	 11.12	 1.3108	 2	 1	 1.53846	 0	 0.65	  # 7.2313

##  RELATIVE  ABUNDANCE DATA
## Index: One q is estimated for each index (the number of index values should match nSurveys
## Sex: 1 = male, 2 = female, 0 = both
## Maturity: 1 = mature, 2 = immature, 0 = both
## Units of survey: 1 = biomass, 2 = numbers
##  Number  of  relative  abundance indicies
3
# Type of 'survey' catchability (1=Selectivity; 2=Selectivity+Retention), by data frame
 2 2 2
##  Number of rows in index
42
#Index	Year	Season	Fleet	Sex	Maturity	Value	CV	Type	Time # original
1	 1995	 3	 1	 1	 0	 0.842092	 0.035	 2	 0.5	 # 0.9583
1	 1996	 3	 1	 1	 0	 0.772091	 0.0233	 2	 0.5	 # 0.913
1	 1997	 3	 1	 1	 0	 0.697733	 0.0224	 2	 0.5	 # 0.9187
1	 1998	 3	 1	 1	 0	 0.690733	 0.0185	 2	 0.5	 # 1.0587
1	 1999	 3	 1	 1	 0	 0.827332	 0.0194	 2	 0.5	 # 0.9769
1	 2000	 3	 1	 1	 0	 1.0213	 0.018	 2	 0.5	 # 0.8601
1	 2001	 3	 1	 1	 0	 1.19868	 0.0173	 2	 0.5	 # 0.987
1	 2002	 3	 1	 1	 0	 1.37141	 0.0179	 2	 0.5	 # 1.0807
1	 2003	 3	 1	 1	 0	 1.47946	 0.0205	 2	 0.5	 # 0.8927
1	 2004	 3	 1	 1	 0	 1.54929	 0.017	 2	 0.5	 # 1.4689
2	 2005	 3	 1	 1	 0	 1.13424	 0.0295	 2	 0.5	 # 0.9354
2	 2006	 3	 1	 1	 0	 1.10759	 0.0328	 2	 0.5	 # 0.7976
2	 2007	 3	 1	 1	 0	 1.10545	 0.028	 2	 0.5	 # 0.8806
2	 2008	 3	 1	 1	 0	 1.0966	 0.0339	 2	 0.5	 # 0.866
2	 2009	 3	 1	 1	 0	 1.07822	 0.0507	 2	 0.5	 # 0.7215
2	 2010	 3	 1	 1	 0	 1.08502	 0.0478	 2	 0.5	 # 0.721
2	 2011	 3	 1	 1	 0	 1.08659	 0.0342	 2	 0.5	 # 1.0658
2	 2012	 3	 1	 1	 0	 1.04991	 0.0331	 2	 0.5	 # 1.0069
2	 2013	 3	 1	 1	 0	 0.978399	 0.0308	 2	 0.5	 # 1.0055
2	 2014	 3	 1	 1	 0	 0.889033	 0.028	 2	 0.5	 # 1.3087
2	 2015	 3	 1	 1	 0	 0.812443	 0.0243	 2	 0.5	 # 1.3098
2	 2016	 3	 1	 1	 0	 0.777675	 0.0269	 2	 0.5	 # 1.0463
2	 2017	 3	 1	 1	 0	 0.810595	 0.029	 2	 0.5	 # 1.017
2	 2018	 3	 1	 1	 0	 0.864025	 0.0264	 2	 0.5	 # 1.2631
2	 2019	 3	 1	 1	 0	 0.929439	 0.0258	 2	 0.5	 # 1.1399
2	 2020	 3	 1	 1	 0	 1.03095	 0.0312	 2	 0.5	 # 1.0559
2	 2021	 3	 1	 1	 0	 1.1422	 0.0349	 2	 0.5	 # 0.9433
2	 2022	 3	 1	 1	 0	 1.19592	 0.0437	 2	 0.5	 # 1.1968
3	 1985	 3	 1	 1	 0	 1.77261	 0.1736	 2	 0.5	 # 1.4449
3	 1986	 3	 1	 1	 0	 1.46445	 0.2609	 2	 0.5	 # 1.1066
3	 1987	 3	 1	 1	 0	 1.36079	 0.1476	 2	 0.5	 # 0.9232
3	 1988	 3	 1	 1	 0	 1.10936	 0.0865	 2	 0.5	 # 1.1357
3	 1989	 3	 1	 1	 0	 0.92797	 0.0596	 2	 0.5	 # 1.3389
3	 1990	 3	 1	 1	 0	 1.02385	 0.0892	 2	 0.5	 # 1.1862
3	 1991	 3	 1	 1	 0	 1.0363	 0.0956	 2	 0.5	 # 1.0267
3	 1992	 3	 1	 1	 0	 0.966309	 0.1121	 2	 0.5	 # 0.9587
3	 1993	 3	 1	 1	 0	 0.945736	 0.1042	 2	 0.5	 # 0.9062
3	 1994	 3	 1	 1	 0	 0.994501	 0.1207	 2	 0.5	 # 0.6947
3	 1995	 3	 1	 1	 0	 0.905348	 0.1208	 2	 0.5	 # 0.7127
3	 1996	 3	 1	 1	 0	 0.830089	 0.1127	 2	 0.5	 # 0.8106
3	 1997	 3	 1	 1	 0	 0.750146	 0.0864	 2	 0.5	 # 1.0681
3	 1998	 3	 1	 1	 0	 0.742619	 0.099	 2	 0.5	 # 0.9823

##  SIZE-COMPOSITION DATA
#  Number  of  length  frequency matrices
2
##  Number of rows in each matrix
 38 33
##  Number of bins in each matrix (columns of size data)
 17 17
## Sex: 1 = male, 2 = female, 0 = both
## Type of catch: 1 = retained, 2 = discard, 0 = total
## Shell: 1 = newshell, 2 = oldshell, 0 = both
## Maturity: 1 = immature, 2 = mature, 0 = both
## Stage1_EffN: the stage-1 effective sample size (this can be modified in the CTL file)
# Year Season Fleet Sex Type Shell Maturity Stage1_EffN Data
1985	 3	 1	 1	 1	 0	 0	 366	 1.67117e-08	 2.7768e-07	 3.28687e-06	 3.73094e-05	 0.000405948	 0.0036734	 0.0318392	 0.119354	 0.157406	 0.1524	 0.133176	 0.111723	 0.0919488	 0.0720564	 0.0526379	 0.0350053	 0.038333	 	 # 0	 0	 0	 0.00041	 0	 0.00206	 0.03998	 0.11168	 0.15681	 0.15763	 0.1597	 0.13435	 0.10138	 0.0647	 0.03688	 0.01793	 0.01648	 
1986	 3	 1	 1	 1	 0	 0	 221	 1.34019e-08	 2.24883e-07	 2.78935e-06	 3.5485e-05	 0.000426042	 0.00422325	 0.0380383	 0.142503	 0.181776	 0.165112	 0.132705	 0.102903	 0.0791768	 0.0584302	 0.0406698	 0.0261486	 0.0278487	 	 # 0	 0	 0	 0.00029	 0.00059	 0.00439	 0.0524	 0.1531	 0.17447	 0.19233	 0.14608	 0.11183	 0.06909	 0.04274	 0.03308	 0.01054	 0.00907	 
1987	 3	 1	 1	 1	 0	 0	 276	 2.6729e-08	 4.37612e-07	 4.83832e-06	 4.56554e-05	 0.000426916	 0.00373111	 0.0368707	 0.149503	 0.20033	 0.181583	 0.138945	 0.099935	 0.0707128	 0.04808	 0.0312543	 0.0191173	 0.0194604	 	 # 0	 0	 0.0025	 0	 0.0005	 0.006	 0.07396	 0.16142	 0.22789	 0.16992	 0.13443	 0.08646	 0.05847	 0.03248	 0.02299	 0.01099	 0.01199	 
1988	 3	 1	 1	 1	 0	 0	 498	 3.94792e-08	 6.48941e-07	 7.329e-06	 7.30768e-05	 0.000694377	 0.00546946	 0.0446065	 0.154565	 0.196202	 0.18363	 0.144738	 0.103083	 0.0691203	 0.0433026	 0.0258415	 0.0147164	 0.0139499	 	 # 0	 0	 0	 0	 0.00026	 0.00524	 0.04232	 0.12907	 0.18478	 0.1801	 0.15671	 0.13319	 0.07271	 0.04468	 0.02421	 0.01408	 0.01266	 
1989	 3	 1	 1	 1	 0	 0	 606	 2.71923e-08	 4.56829e-07	 5.72712e-06	 7.40241e-05	 0.000873485	 0.00803271	 0.0632442	 0.196856	 0.215566	 0.176511	 0.126607	 0.0859161	 0.056044	 0.0335392	 0.0186204	 0.00976423	 0.00834527	 	 # 0	 0	 0	 3e-05	 0.00027	 0.00682	 0.08811	 0.2155	 0.20787	 0.14533	 0.10383	 0.07486	 0.05556	 0.03756	 0.02581	 0.01886	 0.0196	 
1990	 3	 1	 1	 1	 0	 0	 213	 2.93378e-08	 4.84174e-07	 5.58639e-06	 6.00979e-05	 0.0006444	 0.00618902	 0.0582359	 0.214049	 0.252184	 0.192874	 0.119592	 0.0700934	 0.0412459	 0.022874	 0.0118311	 0.00575224	 0.00436854	 	 # 0	 4e-05	 4e-05	 0	 0.00049	 0.00522	 0.08008	 0.22123	 0.24731	 0.17993	 0.11674	 0.07025	 0.04259	 0.02173	 0.00782	 0.00363	 0.00291	 
1991	 3	 1	 1	 1	 0	 0	 149	 2.64848e-08	 4.39059e-07	 5.16822e-06	 5.80836e-05	 0.000630729	 0.00582473	 0.0520257	 0.190519	 0.239878	 0.205027	 0.139112	 0.0823801	 0.0447963	 0.0220805	 0.0101872	 0.00449096	 0.00298482	 	 # 0	 0	 0	 0	 0.00023	 0.00493	 0.06168	 0.19267	 0.23543	 0.20825	 0.13106	 0.08003	 0.04501	 0.02074	 0.01105	 0.00562	 0.00331	 
1992	 3	 1	 1	 1	 0	 0	 104	 3.30205e-08	 5.43803e-07	 6.2196e-06	 6.48806e-05	 0.000661226	 0.00586302	 0.0524481	 0.18924	 0.234397	 0.201141	 0.140311	 0.0867429	 0.0486648	 0.023769	 0.0103021	 0.0040965	 0.00229233	 	 # 0	 0	 3e-05	 7e-05	 0.00034	 0.00362	 0.05889	 0.17872	 0.23804	 0.19853	 0.13356	 0.08671	 0.04942	 0.02873	 0.01474	 0.00565	 0.00297	 
1993	 3	 1	 1	 1	 0	 0	 369	 2.89246e-08	 4.80425e-07	 5.68737e-06	 6.46053e-05	 0.000701528	 0.00632256	 0.0540745	 0.191121	 0.233778	 0.199106	 0.138506	 0.0862095	 0.0491762	 0.0243737	 0.0105307	 0.00403756	 0.00199103	 	 # 0	 0	 0	 0	 0.00018	 0.00415	 0.04105	 0.20349	 0.25256	 0.20976	 0.1415	 0.07416	 0.03957	 0.02057	 0.00895	 0.00277	 0.00129	 
1994	 3	 1	 1	 1	 0	 0	 777	 2.85806e-08	 4.72726e-07	 5.51244e-06	 6.06272e-05	 0.000649764	 0.00597734	 0.0532892	 0.192107	 0.234314	 0.197678	 0.13782	 0.0865318	 0.0498016	 0.0249006	 0.0108207	 0.00412522	 0.00191829	 	 # 0	 0	 0.00024	 0	 0.00018	 0.0029	 0.05186	 0.18393	 0.26184	 0.20205	 0.12651	 0.07678	 0.04558	 0.02102	 0.01077	 0.0148	 0.00154	 
1995	 3	 1	 1	 1	 0	 0	 1046	 2.6635e-08	 4.42095e-07	 5.25499e-06	 6.06634e-05	 0.000673756	 0.0062986	 0.0552921	 0.193882	 0.234308	 0.198019	 0.13704	 0.0850136	 0.0485969	 0.0243177	 0.0106088	 0.00404627	 0.00183622	 	 # 4e-05	 0	 0.00035	 4e-05	 0.00054	 0.00347	 0.05047	 0.17906	 0.23812	 0.19566	 0.13075	 0.08747	 0.05617	 0.03261	 0.01459	 0.00697	 0.0037	 
1996	 3	 1	 1	 1	 0	 0	 615	 2.33052e-08	 3.87675e-07	 4.64648e-06	 5.48296e-05	 0.000624492	 0.00604427	 0.054711	 0.197061	 0.240462	 0.200104	 0.13461	 0.0816794	 0.0462075	 0.0229755	 0.00997145	 0.00378883	 0.00169976	 	 # 0	 0.00026	 0	 0.00102	 0.00166	 0.00447	 0.05748	 0.16311	 0.21676	 0.19338	 0.13629	 0.09171	 0.06233	 0.0364	 0.0221	 0.01009	 0.00294	 
1997	 3	 1	 1	 1	 0	 0	 800	 1.3253e-08	 2.68141e-07	 3.62668e-06	 4.07044e-05	 0.000435521	 0.00411911	 0.0433948	 0.17779	 0.237287	 0.209304	 0.146006	 0.0898876	 0.0505774	 0.0247819	 0.0106078	 0.00399309	 0.00177154	 	 # 0	 0	 0	 0	 0.00045	 0.0039	 0.06312	 0.19807	 0.24829	 0.19192	 0.12587	 0.08029	 0.04498	 0.02444	 0.01237	 0.00517	 0.00112	 
1998	 3	 1	 1	 1	 0	 0	 605	 1.23382e-08	 2.53403e-07	 3.66908e-06	 4.95795e-05	 0.000618233	 0.00599943	 0.0528035	 0.186373	 0.228431	 0.200998	 0.143583	 0.0896989	 0.0505954	 0.0247031	 0.0105039	 0.00392078	 0.00171883	 	 # 0	 0	 0	 0	 0.00012	 0.00185	 0.05213	 0.18511	 0.22751	 0.1967	 0.13483	 0.08787	 0.05349	 0.03328	 0.01812	 0.00592	 0.00308	 
1999	 3	 1	 1	 1	 0	 0	 624	 1.00069e-08	 2.05557e-07	 2.97967e-06	 4.07143e-05	 0.000526317	 0.00555372	 0.0537151	 0.204361	 0.246819	 0.198618	 0.131174	 0.0787506	 0.0442754	 0.0218275	 0.00933743	 0.00348262	 0.0015151	 	 # 0	 0	 0	 0	 0	 0.00262	 0.05987	 0.22426	 0.24765	 0.18424	 0.11621	 0.07265	 0.04556	 0.02647	 0.01154	 0.00677	 0.00215	 
2000	 3	 1	 1	 1	 0	 0	 545	 8.57186e-09	 1.7578e-07	 2.52511e-06	 3.37241e-05	 0.000430194	 0.00458616	 0.0464324	 0.189285	 0.245855	 0.208617	 0.14123	 0.083373	 0.0449494	 0.0213999	 0.00899997	 0.00334736	 0.0014589	 	 # 0	 0	 0	 0	 0	 0.00347	 0.05278	 0.20375	 0.24844	 0.19131	 0.12991	 0.07802	 0.04807	 0.02346	 0.01306	 0.00498	 0.00275	 
2001	 3	 1	 1	 1	 0	 0	 550	 5.9293e-09	 1.2258e-07	 1.82437e-06	 2.65572e-05	 0.000362558	 0.00402995	 0.0409462	 0.171784	 0.23386	 0.210514	 0.151896	 0.0942667	 0.051989	 0.0247501	 0.0102459	 0.00373168	 0.00159582	 	 # 0	 0.0002	 0	 0	 0	 0.00204	 0.04088	 0.16394	 0.23222	 0.20012	 0.15822	 0.09505	 0.05642	 0.03046	 0.0137	 0.00368	 0.00307	 
2002	 3	 1	 1	 1	 0	 0	 497	 5.38654e-09	 1.106e-07	 1.59581e-06	 2.16218e-05	 0.000283206	 0.00317935	 0.034456	 0.154981	 0.222914	 0.209673	 0.159454	 0.104789	 0.060777	 0.0300837	 0.012743	 0.00466737	 0.00197627	 	 # 0.00017	 0	 0	 0	 0	 0.00087	 0.04207	 0.18261	 0.2376	 0.2067	 0.14508	 0.08764	 0.04906	 0.02811	 0.01379	 0.00489	 0.0014	 
2003	 3	 1	 1	 1	 0	 0	 457	 4.48308e-09	 9.24079e-08	 1.35544e-06	 1.90655e-05	 0.00025489	 0.00284232	 0.0301629	 0.137044	 0.205428	 0.205492	 0.167324	 0.117136	 0.0716813	 0.0372458	 0.0164581	 0.00622042	 0.00269067	 	 # 0	 0	 0	 0	 0.00019	 0.00172	 0.03238	 0.15996	 0.2251	 0.21341	 0.14847	 0.10307	 0.05556	 0.0295	 0.01877	 0.00747	 0.00441	 
2004	 3	 1	 1	 1	 0	 0	 333	 3.7017e-09	 7.6438e-08	 1.13051e-06	 1.62585e-05	 0.000222527	 0.00254759	 0.0274955	 0.127086	 0.193443	 0.198264	 0.168462	 0.124622	 0.0808421	 0.0444664	 0.0206868	 0.00816124	 0.00368306	 	 # 0	 0	 0	 0	 0	 0.00026	 0.04929	 0.16025	 0.23405	 0.19821	 0.14813	 0.09884	 0.05957	 0.03216	 0.01581	 0.0029	 0.00053	 
2005	 3	 1	 1	 1	 0	 0	 395	 5.37511e-10	 1.47689e-08	 2.81346e-07	 4.79423e-06	 7.97174e-05	 0.00115406	 0.0168663	 0.0992146	 0.17662	 0.198483	 0.178941	 0.138579	 0.0938074	 0.0539622	 0.0262908	 0.0108404	 0.00515662	 	 # 0	 0	 0	 0	 0	 0.00065	 0.01849	 0.1132	 0.19494	 0.20824	 0.18132	 0.13364	 0.07039	 0.0399	 0.0266	 0.00681	 0.00584	 
2006	 3	 1	 1	 1	 0	 0	 297	 4.64197e-10	 1.29163e-08	 2.60288e-07	 5.10743e-06	 9.39853e-05	 0.00137443	 0.0180993	 0.0983091	 0.168943	 0.191287	 0.176319	 0.14008	 0.0978361	 0.0585163	 0.0297925	 0.0128545	 0.00648911	 	 # 0	 0	 0	 0	 0	 0.00046	 0.01458	 0.09476	 0.16856	 0.1877	 0.1795	 0.14761	 0.10296	 0.05695	 0.0287	 0.01093	 0.00729	 
2007	 3	 1	 1	 1	 0	 0	 352	 4.47867e-10	 1.24204e-08	 2.47057e-07	 4.73393e-06	 8.73972e-05	 0.00134058	 0.0188121	 0.104919	 0.175432	 0.189069	 0.169197	 0.134179	 0.0955607	 0.0589331	 0.0310925	 0.0139387	 0.00743437	 	 # 0.00031	 0	 0	 0	 0.00031	 0	 0.02243	 0.10845	 0.18065	 0.18095	 0.16959	 0.12627	 0.09247	 0.0639	 0.03164	 0.01536	 0.00768	 
2008	 3	 1	 1	 1	 0	 0	 310	 5.54572e-10	 1.52762e-08	 2.94392e-07	 5.17768e-06	 8.83666e-05	 0.00128428	 0.018215	 0.103526	 0.176762	 0.192098	 0.170177	 0.132492	 0.0934781	 0.0580617	 0.0312803	 0.014445	 0.00808724	 	 # 0	 0	 0	 0	 0	 0.00076	 0.01399	 0.10132	 0.19395	 0.17391	 0.16219	 0.13459	 0.08998	 0.06881	 0.03251	 0.0155	 0.01248	 
2009	 3	 1	 1	 1	 0	 0	 257	 5.01577e-10	 1.39343e-08	 2.78957e-07	 5.39664e-06	 9.86685e-05	 0.00145113	 0.0193543	 0.104812	 0.175444	 0.19135	 0.170322	 0.132343	 0.0929032	 0.0575965	 0.031207	 0.0146292	 0.00848326	 	 # 0	 0	 0	 0	 0	 0	 0.01486	 0.08577	 0.17919	 0.20425	 0.17919	 0.13206	 0.09469	 0.06539	 0.02633	 0.01274	 0.00552	 
2010	 3	 1	 1	 1	 0	 0	 272	 4.2536e-10	 1.18407e-08	 2.39518e-07	 4.77897e-06	 9.09436e-05	 0.00141745	 0.019787	 0.109592	 0.181456	 0.192329	 0.167457	 0.128774	 0.0901226	 0.0558419	 0.0303198	 0.0143169	 0.00848954	 	 # 0	 0	 0	 0	 0	 0.00043	 0.01786	 0.12287	 0.18665	 0.18622	 0.15434	 0.1267	 0.08248	 0.0659	 0.03146	 0.01361	 0.01148	 
2011	 3	 1	 1	 1	 0	 0	 249	 4.02182e-10	 1.11595e-08	 2.22592e-07	 4.30231e-06	 8.05076e-05	 0.00126901	 0.0184534	 0.10651	 0.182245	 0.196031	 0.170252	 0.129219	 0.0891438	 0.0547174	 0.0296161	 0.0140236	 0.00843342	 	 # 0	 0	 0	 0	 0	 0	 0.00638	 0.07818	 0.16554	 0.21141	 0.1795	 0.11887	 0.11009	 0.06542	 0.0367	 0.01955	 0.00838	 
2012	 3	 1	 1	 1	 0	 0	 277	 3.85276e-10	 1.06957e-08	 2.13727e-07	 4.14151e-06	 7.72684e-05	 0.00120594	 0.0174328	 0.101236	 0.177009	 0.195913	 0.173828	 0.133144	 0.0916511	 0.0558234	 0.0299837	 0.0141433	 0.00854842	 	 # 0	 0	 0	 0	 0	 0.00068	 0.01196	 0.07656	 0.1637	 0.19207	 0.16781	 0.135	 0.10731	 0.07382	 0.04272	 0.01982	 0.00854	 
2013	 3	 1	 1	 1	 0	 0	 289	 4.23805e-10	 1.17298e-08	 2.31201e-07	 4.32672e-06	 7.83601e-05	 0.00119709	 0.0172414	 0.0994749	 0.173519	 0.193489	 0.173983	 0.135267	 0.0941143	 0.0575352	 0.0308466	 0.0144963	 0.00875374	 	 # 0	 0	 0	 0	 0	 0.00156	 0.01484	 0.09805	 0.16445	 0.17813	 0.18125	 0.13125	 0.09883	 0.06367	 0.03594	 0.01992	 0.01211	 
2014	 3	 1	 1	 1	 0	 0	 200	 5.98171e-10	 1.64583e-08	 3.15439e-07	 5.45513e-06	 9.11476e-05	 0.0012913	 0.0180821	 0.101321	 0.17315	 0.19166	 0.17223	 0.134584	 0.0944329	 0.0581723	 0.0313309	 0.014744	 0.0089039	 	 # 0	 0	 0	 0	 0	 0.00184	 0.02115	 0.08276	 0.16736	 0.17839	 0.17471	 0.12322	 0.10621	 0.07402	 0.03724	 0.02299	 0.01011	 
2015	 3	 1	 1	 1	 0	 0	 204	 8.0309e-10	 2.21143e-08	 4.25166e-07	 7.38811e-06	 0.00012224	 0.00165234	 0.0214872	 0.111197	 0.178393	 0.190472	 0.167405	 0.12933	 0.0906188	 0.0560144	 0.0303083	 0.0143177	 0.00867412	 	 # 0	 0	 0	 0	 0	 0	 0.01044	 0.06963	 0.16144	 0.19365	 0.15144	 0.13838	 0.10009	 0.08007	 0.04569	 0.02567	 0.0235	 
2016	 3	 1	 1	 1	 0	 0	 271	 8.68656e-10	 2.40161e-08	 4.705e-07	 8.60782e-06	 0.000149295	 0.00207821	 0.0263962	 0.130227	 0.194877	 0.19323	 0.159179	 0.117468	 0.0803935	 0.049215	 0.0265673	 0.0125682	 0.00764234	 	 # 0	 0	 0	 0	 0	 0.00148	 0.02151	 0.12236	 0.18947	 0.20096	 0.1498	 0.1168	 0.08268	 0.05562	 0.0304	 0.01743	 0.01149	 
2017	 3	 1	 1	 1	 0	 0	 252	 9.44342e-10	 2.60535e-08	 5.05738e-07	 9.05117e-06	 0.000155183	 0.00218515	 0.0286534	 0.144025	 0.213288	 0.201961	 0.155479	 0.106799	 0.0690437	 0.0406976	 0.0215057	 0.0100812	 0.00611777	 	 # 0	 0	 0	 0	 0	 0.00038	 0.02276	 0.13505	 0.22534	 0.20751	 0.17261	 0.10129	 0.06411	 0.03642	 0.01517	 0.011	 0.00835	 
2018	 3	 1	 1	 1	 0	 0	 255	 9.64938e-10	 2.66458e-08	 5.19348e-07	 9.38919e-06	 0.000162036	 0.00228157	 0.0297369	 0.148817	 0.220728	 0.208855	 0.157606	 0.103461	 0.062963	 0.03497	 0.017626	 0.00801415	 0.00476905	 	 # 0	 0	 0	 0.00037	 0	 0.00037	 0.03055	 0.13066	 0.24917	 0.21862	 0.15495	 0.10085	 0.05889	 0.03018	 0.01435	 0.00773	 0.00331	 
2019	 3	 1	 1	 1	 0	 0	 260	 7.79422e-10	 2.1672e-08	 4.3597e-07	 8.54793e-06	 0.000158254	 0.00234722	 0.0307004	 0.153316	 0.226119	 0.212218	 0.157863	 0.1012	 0.0594128	 0.0314413	 0.0150138	 0.00650318	 0.00369702	 	 # 0	 0	 0	 0	 0	 0.00101	 0.03166	 0.15426	 0.24688	 0.21893	 0.14786	 0.09936	 0.0512	 0.02661	 0.01617	 0.00472	 0.00135	 
2020	 3	 1	 1	 1	 0	 0	 286	 6.08385e-10	 1.69233e-08	 3.41414e-07	 6.77561e-06	 0.000128667	 0.00201084	 0.0279939	 0.148801	 0.229046	 0.21764	 0.161266	 0.102053	 0.0586183	 0.0300166	 0.0137245	 0.00566514	 0.00302919	 	 # 0	 0	 0	 0	 0.00069	 0.00103	 0.04394	 0.16203	 0.25026	 0.22451	 0.14899	 0.07896	 0.04634	 0.02643	 0.00721	 0.00755	 0.00206	 
2021	 3	 1	 1	 1	 0	 0	 281	 3.63256e-10	 1.0215e-08	 2.16116e-07	 4.77503e-06	 9.84257e-05	 0.00164078	 0.0236864	 0.132989	 0.218147	 0.219802	 0.17112	 0.111809	 0.0647045	 0.0327236	 0.0145659	 0.00579263	 0.00291537	 	 # 0	 0	 0	 0	 0	 0.00073	 0.01945	 0.10569	 0.21578	 0.21798	 0.1545	 0.10606	 0.07486	 0.06018	 0.02862	 0.00917	 0.00697	 
2022	 3	 1	 1	 1	 0	 0	 238	 3.67388e-10	 1.01689e-08	 2.00881e-07	 3.81652e-06	 7.20008e-05	 0.00119977	 0.0188582	 0.115033	 0.202777	 0.217137	 0.179577	 0.124171	 0.0749208	 0.0388047	 0.0173596	 0.00680795	 0.00327862	 	 # 0	 0	 0	 0	 0	 0.0014	 0.01497	 0.12208	 0.22404	 0.22264	 0.17774	 0.10337	 0.06314	 0.03555	 0.01964	 0.01076	 0.00468	 
1990	 3	 1	 1	 0	 0	 0	 67	 0.0393835	 0.0686064	 0.0835564	 0.0949005	 0.107606	 0.110979	 0.128019	 0.115065	 0.091358	 0.066303	 0.0408779	 0.0239442	 0.0140889	 0.0078133	 0.00404128	 0.00196485	 0.00149221	 	 # 0.07154	 0.06962	 0.07462	 0.09538	 0.13462	 0.11769	 0.11077	 0.09923	 0.08923	 0.06808	 0.03346	 0.01885	 0.01154	 0.00269	 0.00192	 0.00038	 0.00038	 
1991	 3	 1	 1	 0	 0	 0	 44	 0.0372174	 0.0651254	 0.0809196	 0.0960123	 0.110252	 0.109335	 0.11972	 0.107209	 0.0909669	 0.0737792	 0.0497752	 0.0294584	 0.0160178	 0.00789525	 0.0036426	 0.00160582	 0.00106727	 	 # 0.05402	 0.06375	 0.07834	 0.08914	 0.10049	 0.12696	 0.11939	 0.11129	 0.08212	 0.07509	 0.03998	 0.02755	 0.01837	 0.00756	 0.00378	 0.00162	 0.00054	 
1992	 3	 1	 1	 0	 0	 0	 44	 0.0438218	 0.0761774	 0.091967	 0.101285	 0.109157	 0.103935	 0.113982	 0.100569	 0.0839462	 0.0683567	 0.0474129	 0.0292939	 0.0164335	 0.00802648	 0.00347887	 0.00138333	 0.000774088	 	 # 0.06744	 0.08907	 0.09484	 0.10566	 0.12658	 0.10963	 0.09052	 0.08691	 0.0815	 0.06058	 0.03859	 0.02669	 0.01226	 0.00505	 0.00288	 0.00144	 0.00036	 
1993	 3	 1	 1	 0	 0	 0	 5	 0.0385655	 0.0676136	 0.0844899	 0.101326	 0.116351	 0.112605	 0.118065	 0.102043	 0.0841157	 0.0679814	 0.0470218	 0.0292498	 0.0166838	 0.00826911	 0.00357267	 0.0013698	 0.000675485	 	 # 0.06193	 0.07832	 0.08197	 0.11658	 0.13115	 0.11293	 0.10747	 0.12933	 0.08015	 0.04007	 0.04007	 0.00364	 0.00546	 0.00729	 0.00364	 0	 0	 
1994	 3	 1	 1	 0	 0	 0	 121	 0.0391331	 0.0683218	 0.0840968	 0.0976481	 0.110668	 0.109324	 0.119484	 0.105332	 0.0865792	 0.0693116	 0.048049	 0.0301499	 0.0173511	 0.00867538	 0.00376994	 0.00143723	 0.000668335	 	 # 0.09281	 0.08105	 0.1098	 0.09804	 0.10719	 0.14248	 0.11373	 0.08889	 0.06928	 0.05098	 0.02222	 0.02092	 0.00261	 0	 0	 0	 0	 
1995	 3	 1	 1	 0	 0	 0	 1013	 0.036359	 0.0637019	 0.079927	 0.0974111	 0.114408	 0.114852	 0.123601	 0.105984	 0.0863154	 0.0692214	 0.0476328	 0.0295314	 0.0168802	 0.00844673	 0.00368494	 0.00140546	 0.000637808	 	 # 0.04636	 0.05923	 0.07703	 0.09159	 0.10688	 0.12221	 0.12852	 0.11284	 0.09233	 0.06971	 0.04215	 0.02412	 0.01363	 0.00736	 0.00388	 0.00134	 0.00083	 
1996	 3	 1	 1	 0	 0	 0	 615	 0.033286	 0.0584458	 0.0739426	 0.0921184	 0.110951	 0.115315	 0.127962	 0.112707	 0.0926825	 0.0731877	 0.0489537	 0.0296864	 0.0167931	 0.00834985	 0.00362387	 0.00137695	 0.000617736	 	 # 0.03357	 0.0453	 0.06275	 0.08133	 0.1042	 0.12909	 0.13438	 0.11939	 0.09803	 0.07526	 0.04875	 0.02982	 0.0185	 0.00989	 0.00598	 0.00234	 0.00144	 
1997	 3	 1	 1	 0	 0	 0	 800	 0.0227588	 0.0486043	 0.0693915	 0.0822239	 0.0930332	 0.094487	 0.122031	 0.12226	 0.109964	 0.0920417	 0.0638414	 0.0392799	 0.0221004	 0.0108287	 0.00463515	 0.00174481	 0.00077409	 	 # 0.03404	 0.04489	 0.05987	 0.07682	 0.09748	 0.12081	 0.13321	 0.12486	 0.10678	 0.07956	 0.05024	 0.03137	 0.01954	 0.01114	 0.00585	 0.00217	 0.00137	 
1998	 3	 1	 1	 0	 0	 0	 605	 0.0189178	 0.0410117	 0.0626813	 0.0894218	 0.117914	 0.122875	 0.132581	 0.114431	 0.0945181	 0.0789193	 0.0560558	 0.0349979	 0.0197396	 0.00963775	 0.00409802	 0.00152966	 0.000670589	 	 # 0.03562	 0.04642	 0.06461	 0.08582	 0.10834	 0.12753	 0.13372	 0.12089	 0.09829	 0.07293	 0.04418	 0.02845	 0.01753	 0.00892	 0.00445	 0.00161	 0.0007	 
1999	 3	 1	 1	 0	 0	 0	 624	 0.0163079	 0.0353595	 0.0541036	 0.0780488	 0.106694	 0.120897	 0.143348	 0.133364	 0.108547	 0.0828872	 0.0544307	 0.0326578	 0.0183598	 0.0090512	 0.00387195	 0.00144414	 0.000628268	 	 # 0.02874	 0.03456	 0.04149	 0.06124	 0.08596	 0.11528	 0.14221	 0.13964	 0.12064	 0.09135	 0.05868	 0.03495	 0.02285	 0.01269	 0.00622	 0.00257	 0.00095	 
2000	 3	 1	 1	 0	 0	 0	 545	 0.0153375	 0.0331993	 0.0503412	 0.0709812	 0.0957501	 0.109614	 0.136051	 0.135625	 0.118714	 0.0955879	 0.0643436	 0.0379615	 0.0204651	 0.00974315	 0.00409758	 0.00152401	 0.000664218	 	 # 0.02743	 0.03758	 0.0506	 0.06649	 0.08032	 0.11242	 0.13677	 0.14361	 0.12022	 0.08488	 0.05752	 0.03725	 0.02192	 0.01291	 0.0064	 0.0025	 0.00118	 
2001	 3	 1	 1	 0	 0	 0	 550	 0.0116631	 0.0254513	 0.0399841	 0.0614493	 0.0887123	 0.105888	 0.131894	 0.135313	 0.12414	 0.106039	 0.0760776	 0.0471853	 0.0260215	 0.0123878	 0.00512825	 0.00186777	 0.000798735	 	 # 0.022	 0.02885	 0.03711	 0.04825	 0.06336	 0.09096	 0.13613	 0.15296	 0.14534	 0.11144	 0.07242	 0.04222	 0.02507	 0.01334	 0.00624	 0.00297	 0.00133	 
2002	 3	 1	 1	 0	 0	 0	 497	 0.0115684	 0.0250724	 0.0381861	 0.0546231	 0.0756587	 0.0912085	 0.121179	 0.133286	 0.129194	 0.115313	 0.0871957	 0.0572686	 0.0332132	 0.0164399	 0.00696369	 0.00255059	 0.00107997	 	 # 0.01894	 0.02522	 0.03138	 0.03863	 0.05409	 0.08657	 0.11812	 0.15097	 0.14975	 0.12813	 0.08858	 0.05145	 0.03264	 0.01487	 0.00725	 0.00239	 0.00101	 
2003	 3	 1	 1	 0	 0	 0	 457	 0.0101806	 0.0221505	 0.0342955	 0.0509292	 0.0720018	 0.086219	 0.112168	 0.124624	 0.125892	 0.119499	 0.0967504	 0.0676897	 0.0414201	 0.0215219	 0.00951004	 0.00359436	 0.00155476	 	 # 0.01505	 0.0241	 0.02797	 0.04002	 0.05734	 0.08726	 0.11241	 0.13942	 0.14356	 0.13246	 0.09399	 0.05902	 0.03406	 0.01778	 0.0095	 0.00396	 0.00209	 
2004	 3	 1	 1	 0	 0	 0	 333	 0.00883749	 0.0192626	 0.0300722	 0.0456594	 0.0660854	 0.081244	 0.107495	 0.121498	 0.12463	 0.121212	 0.102407	 0.0757114	 0.0491106	 0.0270126	 0.0125669	 0.00495781	 0.0022374	 	 # 0.01217	 0.01758	 0.02481	 0.03639	 0.05823	 0.08139	 0.10631	 0.13584	 0.14716	 0.1359	 0.09892	 0.0662	 0.0442	 0.02088	 0.00866	 0.00436	 0.00101	 
2005	 3	 1	 1	 0	 0	 0	 210	 0.00162277	 0.00470647	 0.00946397	 0.017026	 0.0299377	 0.0465406	 0.083385	 0.119947	 0.143897	 0.15345	 0.137556	 0.106464	 0.0720637	 0.0414539	 0.0201967	 0.0083276	 0.00396133	 	 # 0.00643	 0.00883	 0.01012	 0.0155	 0.02931	 0.04128	 0.07903	 0.13469	 0.15557	 0.15951	 0.13485	 0.09076	 0.06899	 0.03646	 0.01767	 0.00739	 0.00361	 
2006	 3	 1	 1	 0	 0	 0	 194	 0.00137663	 0.00404327	 0.00860069	 0.0178173	 0.0346714	 0.0544468	 0.0878979	 0.116749	 0.135207	 0.14527	 0.133142	 0.105713	 0.0738287	 0.044157	 0.0224817	 0.00970014	 0.00489675	 	 # 0.00507	 0.00888	 0.0111	 0.01416	 0.02621	 0.03995	 0.08623	 0.11529	 0.1565	 0.15386	 0.1322	 0.10071	 0.07228	 0.04216	 0.01997	 0.00941	 0.00602	 
2007	 3	 1	 1	 0	 0	 0	 189	 0.0013277	 0.00388655	 0.00816037	 0.016508	 0.0322287	 0.0530856	 0.0913241	 0.124552	 0.140346	 0.143531	 0.127715	 0.101221	 0.0720841	 0.0444545	 0.0234537	 0.0105143	 0.00560791	 	 # 0.00281	 0.0037	 0.0053	 0.00795	 0.01767	 0.03406	 0.07126	 0.12315	 0.15063	 0.1528	 0.14308	 0.10042	 0.08138	 0.05157	 0.02908	 0.01599	 0.00916	 
2008	 3	 1	 1	 0	 0	 0	 148	 0.00164482	 0.00478249	 0.00972858	 0.0180642	 0.032602	 0.0508808	 0.0884685	 0.122957	 0.141479	 0.145901	 0.128517	 0.0999973	 0.0705473	 0.0438185	 0.0236069	 0.0109014	 0.00610334	 	 # 0.0042	 0.00528	 0.00834	 0.01196	 0.0231	 0.04302	 0.07941	 0.12466	 0.15215	 0.15336	 0.12867	 0.09717	 0.07222	 0.0483	 0.02488	 0.01444	 0.00885	 
2009	 3	 1	 1	 0	 0	 0	 141	 0.00146548	 0.00429741	 0.00908119	 0.0185477	 0.0358605	 0.056635	 0.0926018	 0.12263	 0.138332	 0.143168	 0.126711	 0.0983971	 0.069069	 0.0428199	 0.0232007	 0.010876	 0.00630685	 	 # 0.00401	 0.0053	 0.00895	 0.01539	 0.02455	 0.04938	 0.09168	 0.14135	 0.15524	 0.1425	 0.12282	 0.09369	 0.06806	 0.04015	 0.02333	 0.00859	 0.00501	 
2010	 3	 1	 1	 0	 0	 0	 172	 0.00124817	 0.0036675	 0.00783102	 0.0164958	 0.0331958	 0.0555595	 0.0950815	 0.128778	 0.143691	 0.144523	 0.125118	 0.0961573	 0.0672914	 0.041695	 0.0226386	 0.0106898	 0.0063388	 	 # 0.00707	 0.00857	 0.01335	 0.01989	 0.03631	 0.05568	 0.09049	 0.13361	 0.14624	 0.13701	 0.11163	 0.09232	 0.06301	 0.04155	 0.02342	 0.01276	 0.00707	 
2011	 3	 1	 1	 0	 0	 0	 157	 0.0012026	 0.00352225	 0.00741603	 0.015133	 0.0299454	 0.0506873	 0.0903596	 0.127537	 0.147061	 0.150106	 0.129625	 0.098325	 0.0678266	 0.0416324	 0.0225338	 0.01067	 0.00641666	 	 # 0.0049	 0.007	 0.01011	 0.01374	 0.02185	 0.03949	 0.08376	 0.14394	 0.15631	 0.14757	 0.1252	 0.0924	 0.06655	 0.04407	 0.02417	 0.01216	 0.00679	 
2012	 3	 1	 1	 0	 0	 0	 143	 0.00116545	 0.00341512	 0.00720347	 0.0147368	 0.0290748	 0.0487284	 0.0863547	 0.122631	 0.144497	 0.15176	 0.133887	 0.102489	 0.0705452	 0.0429678	 0.0230787	 0.0108862	 0.00657979	 	 # 0.00257	 0.00542	 0.00731	 0.0076	 0.01923	 0.03594	 0.07739	 0.1236	 0.15464	 0.15193	 0.13173	 0.10292	 0.07468	 0.05143	 0.03085	 0.01434	 0.00843	 
2013	 3	 1	 1	 0	 0	 0	 166	 0.00128199	 0.00374531	 0.00779243	 0.0153958	 0.0294856	 0.0483706	 0.0854067	 0.120497	 0.141648	 0.149882	 0.134006	 0.104123	 0.0724411	 0.0442854	 0.0237429	 0.0111579	 0.00673782	 	 # 0.00366	 0.00649	 0.00986	 0.01558	 0.02536	 0.04996	 0.09334	 0.13929	 0.15437	 0.14368	 0.11609	 0.08837	 0.06398	 0.04477	 0.02662	 0.01154	 0.00703	 
2014	 3	 1	 1	 0	 0	 0	 108	 0.00177096	 0.00514333	 0.0104054	 0.0189981	 0.0335678	 0.0510675	 0.0876661	 0.120123	 0.13834	 0.145307	 0.129835	 0.101394	 0.0711403	 0.0438234	 0.0236027	 0.0111072	 0.00670763	 	 # 0.00393	 0.00581	 0.00957	 0.0161	 0.02669	 0.04686	 0.0892	 0.11983	 0.14778	 0.13964	 0.12148	 0.09501	 0.07226	 0.04994	 0.03112	 0.01516	 0.00961	 
2015	 3	 1	 1	 0	 0	 0	 126	 0.00225028	 0.00654067	 0.0132737	 0.0243517	 0.0426068	 0.0618452	 0.0985942	 0.12477	 0.134894	 0.136671	 0.119437	 0.0922163	 0.06461	 0.0399372	 0.0216093	 0.0102082	 0.00618449	 	 # 0.00527	 0.00877	 0.01414	 0.02233	 0.03427	 0.05481	 0.08934	 0.12484	 0.14694	 0.14076	 0.10931	 0.08766	 0.06061	 0.0455	 0.02873	 0.01556	 0.01116	 
2016	 3	 1	 1	 0	 0	 0	 176	 0.00229892	 0.00670896	 0.0138739	 0.0267973	 0.0491493	 0.0734683	 0.114397	 0.138013	 0.139181	 0.130955	 0.107266	 0.0791101	 0.0541384	 0.0331421	 0.0178908	 0.00846357	 0.00514646	 	 # 0.00749	 0.01003	 0.01533	 0.0216	 0.03802	 0.06565	 0.11761	 0.15264	 0.15957	 0.13749	 0.09841	 0.06861	 0.04586	 0.03104	 0.01618	 0.00908	 0.00538	 
2017	 3	 1	 1	 0	 0	 0	 164	 0.00244253	 0.00711302	 0.0145747	 0.0275383	 0.0499285	 0.0754965	 0.121363	 0.149173	 0.148874	 0.133768	 0.102395	 0.0702931	 0.0454406	 0.0267846	 0.0141537	 0.00663478	 0.00402633	 	 # 0.00769	 0.01036	 0.01558	 0.02055	 0.0374	 0.06981	 0.12107	 0.15893	 0.16471	 0.14627	 0.10003	 0.06133	 0.0388	 0.02153	 0.01143	 0.00769	 0.00682	 
2018	 3	 1	 1	 0	 0	 0	 141	 0.00246349	 0.00718056	 0.0147731	 0.028197	 0.0514584	 0.0778073	 0.124321	 0.152142	 0.152073	 0.136543	 0.102452	 0.067215	 0.0409021	 0.0227171	 0.0114502	 0.00520613	 0.00309805	 	 # 0.00707	 0.01102	 0.01518	 0.02268	 0.04525	 0.07213	 0.13308	 0.15347	 0.17447	 0.1339	 0.09989	 0.05452	 0.03459	 0.02118	 0.01133	 0.00631	 0.00392	 
2019	 3	 1	 1	 0	 0	 0	 152	 0.00199068	 0.00584259	 0.0124065	 0.0256811	 0.0502782	 0.0800788	 0.128402	 0.156806	 0.15585	 0.138799	 0.102662	 0.0657726	 0.0386116	 0.0204332	 0.00975721	 0.0042263	 0.00240263	 	 # 0.00328	 0.00639	 0.01042	 0.01768	 0.03545	 0.07238	 0.1291	 0.16305	 0.17513	 0.14871	 0.1003	 0.06422	 0.03816	 0.01982	 0.00958	 0.0041	 0.00223	 
2020	 3	 1	 1	 0	 0	 0	 158	 0.00162108	 0.0047598	 0.010136	 0.0212372	 0.0426469	 0.0715711	 0.122148	 0.158772	 0.164699	 0.148504	 0.109412	 0.0691969	 0.0397437	 0.0203513	 0.00930526	 0.00384098	 0.0020538	 	 # 0.00514	 0.00622	 0.01209	 0.0182	 0.0413	 0.06614	 0.13436	 0.17382	 0.18392	 0.13807	 0.1007	 0.05315	 0.0347	 0.01643	 0.00889	 0.00393	 0.00295	 
2021	 3	 1	 1	 0	 0	 0	 138	 0.00102742	 0.00304966	 0.00681055	 0.0158867	 0.0346287	 0.0619897	 0.109706	 0.150624	 0.166504	 0.159198	 0.123235	 0.0804728	 0.0465669	 0.0235505	 0.0104828	 0.00416885	 0.00209813	 	 # 0.00254	 0.00304	 0.00558	 0.00812	 0.01973	 0.05327	 0.10634	 0.16176	 0.18393	 0.16076	 0.11781	 0.07196	 0.04963	 0.0288	 0.01505	 0.00718	 0.00448	 
2022	 3	 1	 1	 0	 0	 0	 90	 0.00110106	 0.00321691	 0.00670793	 0.0134548	 0.0268423	 0.0480305	 0.092552	 0.138055	 0.164002	 0.166645	 0.137037	 0.0946984	 0.0571346	 0.0295922	 0.0132383	 0.0051917	 0.00250025	 	 # 0.00157	 0.00129	 0.00303	 0.00663	 0.01297	 0.03892	 0.09396	 0.16304	 0.19758	 0.17782	 0.12783	 0.07914	 0.04617	 0.0269	 0.01342	 0.0064	 0.00331	 

##  Growth data (increment)
# Type of growth increment (0=no growth data;1=size-at-release; 2= size-class-at-release)
3
# nobs_growth
222
# Growth data
 1 1 3 1 1 1 2004 2
 1 1 4 1 1 1 2004 2
 2 1 2 1 1 1 2004 1
 2 1 4 1 1 1 2004 4
 2 1 5 1 1 1 2004 10
 2 1 6 1 1 1 2004 1
 2 1 8 1 1 1 2004 1
 3 1 5 1 1 1 2004 4
 3 1 6 1 1 1 2004 6
 3 1 7 1 1 1 2004 2
 4 1 4 1 1 1 2004 2
 4 1 6 1 1 1 2004 7
 4 1 7 1 1 1 2004 29
 4 1 8 1 1 1 2004 12
 5 1 5 1 1 1 2004 9
 5 1 6 1 1 1 2004 10
 5 1 7 1 1 1 2004 25
 5 1 8 1 1 1 2004 90
 5 1 9 1 1 1 2004 24
 5 1 10 1 1 1 2004 3
 6 1 6 1 1 1 2004 18
 6 1 7 1 1 1 2004 12
 6 1 8 1 1 1 2004 36
 6 1 9 1 1 1 2004 96
 6 1 10 1 1 1 2004 21
 7 1 7 1 1 1 2004 43
 7 1 8 1 1 1 2004 9
 7 1 9 1 1 1 2004 37
 7 1 10 1 1 1 2004 64
 7 1 11 1 1 1 2004 23
 8 1 8 1 1 1 2004 39
 8 1 9 1 1 1 2004 11
 8 1 10 1 1 1 2004 28
 8 1 11 1 1 1 2004 44
 8 1 12 1 1 1 2004 13
 8 1 13 1 1 1 2004 1
 9 1 9 1 1 1 2004 48
 9 1 10 1 1 1 2004 7
 9 1 11 1 1 1 2004 8
 9 1 12 1 1 1 2004 22
 9 1 13 1 1 1 2004 3
 10 1 10 1 1 1 2004 56
 10 1 11 1 1 1 2004 4
 10 1 12 1 1 1 2004 7
 10 1 13 1 1 1 2004 12
 10 1 14 1 1 1 2004 1
 11 1 11 1 1 1 2004 30
 11 1 12 1 1 1 2004 6
 11 1 13 1 1 1 2004 1
 11 1 14 1 1 1 2004 5
 12 1 12 1 1 1 2004 18
 12 1 13 1 1 1 2004 4
 12 1 14 1 1 1 2004 2
 12 1 15 1 1 1 2004 2
 13 1 13 1 1 1 2004 12
 13 1 14 1 1 1 2004 1
 13 1 15 1 1 1 2004 1
 13 1 16 1 1 1 2004 1
 14 1 14 1 1 1 2004 10
 14 1 15 1 1 1 2004 1
 15 1 15 1 1 1 2004 3
 15 1 16 1 1 1 2004 1
 17 1 17 1 1 1 2004 1
 1 1 4 2 1 1 2004 1
 1 1 8 2 1 1 2004 1
 2 1 5 2 1 1 2004 2
 2 1 7 2 1 1 2004 1
 2 1 8 2 1 1 2004 4
 2 1 9 2 1 1 2004 3
 3 1 5 2 1 1 2004 3
 3 1 6 2 1 1 2004 7
 3 1 7 2 1 1 2004 1
 3 1 8 2 1 1 2004 1
 3 1 9 2 1 1 2004 13
 3 1 10 2 1 1 2004 1
 4 1 6 2 1 1 2004 1
 4 1 7 2 1 1 2004 16
 4 1 8 2 1 1 2004 8
 4 1 9 2 1 1 2004 6
 4 1 10 2 1 1 2004 10
 4 1 11 2 1 1 2004 4
 5 1 5 2 1 1 2004 1
 5 1 6 2 1 1 2004 2
 5 1 7 2 1 1 2004 15
 5 1 8 2 1 1 2004 61
 5 1 9 2 1 1 2004 17
 5 1 10 2 1 1 2004 5
 5 1 11 2 1 1 2004 10
 5 1 12 2 1 1 2004 4
 5 1 14 2 1 1 2004 1
 6 1 6 2 1 1 2004 1
 6 1 7 2 1 1 2004 2
 6 1 8 2 1 1 2004 24
 6 1 9 2 1 1 2004 42
 6 1 10 2 1 1 2004 9
 6 1 11 2 1 1 2004 3
 6 1 12 2 1 1 2004 6
 6 1 13 2 1 1 2004 2
 7 1 7 2 1 1 2004 2
 7 1 8 2 1 1 2004 5
 7 1 9 2 1 1 2004 11
 7 1 10 2 1 1 2004 39
 7 1 11 2 1 1 2004 13
 7 1 12 2 1 1 2004 1
 7 1 14 2 1 1 2004 1
 8 1 8 2 1 1 2004 3
 8 1 9 2 1 1 2004 4
 8 1 10 2 1 1 2004 10
 8 1 11 2 1 1 2004 38
 8 1 12 2 1 1 2004 8
 8 1 13 2 1 1 2004 1
 9 1 9 2 1 1 2004 5
 9 1 10 2 1 1 2004 1
 9 1 11 2 1 1 2004 7
 9 1 12 2 1 1 2004 14
 9 1 13 2 1 1 2004 5
 10 1 10 2 1 1 2004 3
 10 1 12 2 1 1 2004 6
 10 1 13 2 1 1 2004 14
 10 1 14 2 1 1 2004 2
 10 1 17 2 1 1 2004 1
 11 1 11 2 1 1 2004 1
 11 1 13 2 1 1 2004 5
 11 1 14 2 1 1 2004 4
 12 1 12 2 1 1 2004 1
 12 1 14 2 1 1 2004 2
 12 1 15 2 1 1 2004 2
 1 1 1 3 1 1 2004 1
 1 1 7 3 1 1 2004 5
 1 1 9 3 1 1 2004 1
 2 1 7 3 1 1 2004 3
 2 1 8 3 1 1 2004 11
 2 1 9 3 1 1 2004 6
 2 1 10 3 1 1 2004 1
 3 1 6 3 1 1 2004 1
 3 1 7 3 1 1 2004 1
 3 1 8 3 1 1 2004 4
 3 1 9 3 1 1 2004 14
 3 1 10 3 1 1 2004 5
 4 1 7 3 1 1 2004 1
 4 1 8 3 1 1 2004 1
 4 1 9 3 1 1 2004 5
 4 1 10 3 1 1 2004 14
 4 1 11 3 1 1 2004 3
 4 1 12 3 1 1 2004 1
 5 1 7 3 1 1 2004 1
 5 1 8 3 1 1 2004 4
 5 1 9 3 1 1 2004 5
 5 1 10 3 1 1 2004 12
 5 1 11 3 1 1 2004 24
 5 1 12 3 1 1 2004 12
 5 1 13 3 1 1 2004 2
 5 1 14 3 1 1 2004 1
 6 1 6 3 1 1 2004 1
 6 1 8 3 1 1 2004 2
 6 1 9 3 1 1 2004 8
 6 1 10 3 1 1 2004 2
 6 1 11 3 1 1 2004 6
 6 1 12 3 1 1 2004 7
 6 1 13 3 1 1 2004 3
 6 1 14 3 1 1 2004 1
 7 1 8 3 1 1 2004 1
 7 1 9 3 1 1 2004 2
 7 1 10 3 1 1 2004 11
 7 1 11 3 1 1 2004 3
 7 1 13 3 1 1 2004 6
 7 1 14 3 1 1 2004 3
 8 1 10 3 1 1 2004 1
 8 1 11 3 1 1 2004 7
 8 1 12 3 1 1 2004 2
 8 1 14 3 1 1 2004 1
 9 1 11 3 1 1 2004 1
 9 1 12 3 1 1 2004 4
 9 1 13 3 1 1 2004 1
 9 1 15 3 1 1 2004 1
 9 1 16 3 1 1 2004 1
 10 1 13 3 1 1 2004 1
 13 1 15 3 1 1 2004 1
 1 1 10 4 1 1 2004 6
 1 1 11 4 1 1 2004 1
 2 1 8 4 1 1 2004 1
 2 1 10 4 1 1 2004 1
 2 1 11 4 1 1 2004 5
 3 1 8 4 1 1 2004 3
 3 1 9 4 1 1 2004 3
 3 1 10 4 1 1 2004 3
 3 1 11 4 1 1 2004 1
 3 1 12 4 1 1 2004 1
 3 1 14 4 1 1 2004 1
 4 1 9 4 1 1 2004 1
 4 1 10 4 1 1 2004 2
 4 1 12 4 1 1 2004 1
 4 1 14 4 1 1 2004 1
 5 1 8 4 1 1 2004 1
 5 1 10 4 1 1 2004 1
 5 1 11 4 1 1 2004 4
 5 1 12 4 1 1 2004 4
 6 1 11 4 1 1 2004 1
 6 1 12 4 1 1 2004 2
 7 1 10 4 1 1 2004 2
 7 1 12 4 1 1 2004 1
 7 1 14 4 1 1 2004 2
 8 1 14 4 1 1 2004 2
 1 1 10 5 1 1 2004 2
 2 1 11 5 1 1 2004 1
 2 1 12 5 1 1 2004 1
 2 1 16 5 1 1 2004 1
 3 1 11 5 1 1 2004 1
 3 1 13 5 1 1 2004 3
 3 1 14 5 1 1 2004 1
 5 1 14 5 1 1 2004 1
 7 1 13 5 1 1 2004 1
 7 1 14 5 1 1 2004 1
 1 1 8 6 1 1 2004 1
 1 1 9 6 1 1 2004 1
 1 1 11 6 1 1 2004 1
 1 1 12 6 1 1 2004 1
 1 1 13 6 1 1 2004 2
 2 1 11 6 1 1 2004 2
 2 1 14 6 1 1 2004 1
 3 1 9 6 1 1 2004 1
 4 1 10 6 1 1 2004 2

# Environmental data
# Number of series
0
# Year ranges

# Indices
# Index Year Value


## eof
9999
