##===============================================================
# GMACS 2.20.20 Data File
##===============================================================
  
  
1960 # initial (start year)
2024 # terminal (end year)
6 # Number of seasons
2 # Number of distinct data groups (fleet, among fishing fleets and surveys)
1 # Number of sexes
1 # Number of shell condition types
1 # Number of maturity types
17 # Number of size-classes in the model
5 # Season recruitment occurs
5 # Season molting and growth occurs
5 # Season to calculate SSB (changed to match Feb mating)
1 # Season for N output
# maximum size-class (males then females)
17
# size_breaks (a vector giving the break points between size intervals with dimension nclass+1, lower limits of bins)
100.5 105.5 110.5 115.5 120.5 125.5 130.5 135.5 140.5 145.5 150.5 155.5 160.5 165.5 170.5 175.5 180.5 185.5
# Natural mortality per season input type (1 = vector by season, 2 = matrix by season/year)
2
# Proportion of the total natural mortality to be applied each season
0 0.1666667 0 0.46073059 0.3726027 0 # 1960
0 0.1666667 0 0.46073059 0.3726027 0 # 1961
0 0.1666667 0 0.46073059 0.3726027 0 # 1962
0 0.1666667 0 0.46073059 0.3726027 0 # 1963
0 0.1666667 0 0.46073059 0.3726027 0 # 1964
0 0.1666667 0 0.46073059 0.3726027 0 # 1965
0 0.1666667 0 0.46073059 0.3726027 0 # 1966
0 0.1666667 0 0.46073059 0.3726027 0 # 1967
0 0.1666667 0 0.46073059 0.3726027 0 # 1968
0 0.1666667 0 0.46073059 0.3726027 0 # 1969
0 0.1666667 0 0.46073059 0.3726027 0 # 1970
0 0.1666667 0 0.46073059 0.3726027 0 # 1971
0 0.1666667 0 0.46073059 0.3726027 0 # 1972
0 0.1666667 0 0.46073059 0.3726027 0 # 1973
0 0.1666667 0 0.46073059 0.3726027 0 # 1974
0 0.1666667 0 0.46073059 0.3726027 0 # 1975
0 0.1666667 0 0.46073059 0.3726027 0 # 1976
0 0.1666667 0 0.46073059 0.3726027 0 # 1977
0 0.1666667 0 0.46073059 0.3726027 0 # 1978
0 0.1666667 0 0.46073059 0.3726027 0 # 1979
0 0.1666667 0 0.46073059 0.3726027 0 # 1980
0 0.6273973 0 0.00000000 0.3726027 0 # 1981
0 0.5616438 0 0.06575342 0.3726027 0 # 1982
0 0.5753425 0 0.05205479 0.3726027 0 # 1983
0 0.6273973 0 0.00000000 0.3726027 0 # 1984
0 0.6273973 0 0.00000000 0.3726027 0 # 1985
0 0.6273973 0 0.00000000 0.3726027 0 # 1986
0 0.6273973 0 0.00000000 0.3726027 0 # 1987
0 0.6273973 0 0.00000000 0.3726027 0 # 1988
0 0.6273973 0 0.00000000 0.3726027 0 # 1989
0 0.6273973 0 0.00000000 0.3726027 0 # 1990
0 0.6273973 0 0.00000000 0.3726027 0 # 1991
0 0.6273973 0 0.00000000 0.3726027 0 # 1992
0 0.6273973 0 0.00000000 0.3726027 0 # 1993
0 0.6273973 0 0.00000000 0.3726027 0 # 1994
0 0.6273973 0 0.00000000 0.3726027 0 # 1995
0 0.6273973 0 0.00000000 0.3726027 0 # 1996
0 0.6273973 0 0.00000000 0.3726027 0 # 1997
0 0.6273973 0 0.00000000 0.3726027 0 # 1998
0 0.6273973 0 0.00000000 0.3726027 0 # 1999
0 0.5150685 0 0.11232877 0.3726027 0 # 2000
0 0.4356164 0 0.19178082 0.3726027 0 # 2001
0 0.4027397 0 0.22465753 0.3726027 0 # 2002
0 0.3643836 0 0.26301370 0.3726027 0 # 2003
0 0.3150685 0 0.31232877 0.3726027 0 # 2004
0 0.4958904 0 0.13150685 0.3726027 0 # 2005
0 0.4958904 0 0.13150685 0.3726027 0 # 2006
0 0.4986301 0 0.12876712 0.3726027 0 # 2007
0 0.4958904 0 0.13150685 0.3726027 0 # 2008
0 0.4958904 0 0.13150685 0.3726027 0 # 2009
0 0.4958904 0 0.13150685 0.3726027 0 # 2010
0 0.4986301 0 0.12876712 0.3726027 0 # 2011
0 0.4958904 0 0.13150685 0.3726027 0 # 2012
0 0.4958904 0 0.13150685 0.3726027 0 # 2013
0 0.4958904 0 0.13150685 0.3726027 0 # 2014
0 0.4575342 0 0.16986301 0.3726027 0 # 2015
0 0.4575342 0 0.16986301 0.3726027 0 # 2016
0 0.4575342 0 0.16986301 0.3726027 0 # 2017
0 0.4575342 0 0.16986301 0.3726027 0 # 2018
0 0.4438356 0 0.18356164 0.3726027 0 # 2019
0 0.4739726 0 0.15342466 0.3726027 0 # 2020
0 0.4904110 0 0.13698630 0.3726027 0 # 2021
0 0.4136986 0 0.21369863 0.3726027 0 # 2022
0 0.4191781 0 0.20821918 0.3726027 0 # 2023
0 0.3178082 0 0.30958904 0.3726027 0 # 2024
# fleetname
Directed_Fishery GF_Bycatch
#Season type: Set to 1 for continuous F and 0 for instantanous F
1 1 1 1 1 1
  
  
##------------------------------------------------------------
##--CATCH DATA------------------------------------------------
##------------------------------------------------------------
0 #--input catch data format (0: old format, 1: new format)
3 #--Number of catch data frames
# Number of lines for each dataframe (this is not correct for retrospective analyses)
44 35 32
##  Type of catch: 1 = retained, 2 = discard, 0= total 
##  Units of catch: 1 = biomass, 2 = numbers
## Mult: 1= use data as thy are, 2 = multiply by this number (e.g., lbs to kg)
#year season fleet sex obs cv type units mult effort discard_mortality
1981 3 1 1 38.436 0.0316 1 2 1 0 0.2
1982 3 1 1 1114.351 0.0316 1 2 1 0 0.2
1983 3 1 1 1288.357 0.0316 1 2 1 0 0.2
1984 3 1 1 188.782 0.0316 1 2 1 0 0.2
1985 3 1 1 2821.09 0.0316 1 1 1 0 0.2
1986 3 1 1 3999.01 0.0316 1 1 1 0 0.2
1987 3 1 1 2188.7 0.0316 1 1 1 0 0.2
1988 3 1 1 2484.9 0.0316 1 1 1 0 0.2
1989 3 1 1 3024.45 0.0316 1 1 1 0 0.2
1990 3 1 1 1615.27 0.0316 1 1 1 0 0.2
1991 3 1 1 1396.65 0.0316 1 1 1 0 0.2
1992 3 1 1 1025.3 0.0316 1 1 1 0 0.2
1993 3 1 1 686.3 0.0316 1 1 1 0 0.2
1994 3 1 1 1539.91 0.0316 1 1 1 0 0.2
1995 3 1 1 1203.1 0.0316 1 1 1 0 0.2
1996 3 1 1 1259.2 0.0316 1 1 1 0 0.2
1997 3 1 1 1082.78 0.0316 1 1 1 0 0.2
1998 3 1 1 955.09 0.0316 1 1 1 0 0.2
1999 3 1 1 1222.07 0.0316 1 1 1 0 0.2
2000 3 1 1 1342.35 0.0316 1 1 1 0 0.2
2001 3 1 1 1242.87 0.0316 1 1 1 0 0.2
2002 3 1 1 1197.76 0.0316 1 1 1 0 0.2
2003 3 1 1 1219.61 0.0316 1 1 1 0 0.2
2004 3 1 1 1219.36 0.0316 1 1 1 0 0.2
2005 3 1 1 1203.7 0.0316 1 1 1 0 0.2
2006 3 1 1 1029.8 0.0316 1 1 1 0 0.2
2007 3 1 1 1142.19 0.0316 1 1 1 0 0.2
2008 3 1 1 1150.16 0.0316 1 1 1 0 0.2
2009 3 1 1 1252.74 0.0316 1 1 1 0 0.2
2010 3 1 1 1279.43 0.0316 1 1 1 0 0.2
2011 3 1 1 1276.43 0.0316 1 1 1 0 0.2
2012 3 1 1 1339.3 0.0316 1 1 1 0 0.2
2013 3 1 1 1347.4 0.0316 1 1 1 0 0.2
2014 3 1 1 1216.83 0.0316 1 1 1 0 0.2
2015 3 1 1 1139.29 0.0316 1 1 1 0 0.2
2016 3 1 1 1014.53 0.0316 1 1 1 0 0.2
2017 3 1 1 1013.65 0.0316 1 1 1 0 0.2
2018 3 1 1 1134.59 0.0316 1 1 1 0 0.2
2019 3 1 1 1287.81 0.0316 1 1 1 0 0.2
2020 3 1 1 1266.81 0.0316 1 1 1 0 0.2
2021 3 1 1 992.91 0.0316 1 1 1 0 0.2
2022 3 1 1 784.36 0.0316 1 1 1 0 0.2
2023 3 1 1 820.34 0.0316 1 1 1 0 0.2
2024 3 1 1 509.29 0.0316 1 1 1 0 0.2
#year season fleet sex obs cv type units mult effort discard_mortality
1990 3 1 1 2694.53 0.222 0 1 1 0 0.2
1991 3 1 1 1705.3 0.131 0 1 1 0 0.2
1992 3 1 1 1201.07 0.142 0 1 1 0 0.2
1993 3 1 1 1886.72 0.3 0 1 1 0 0.2
1994 3 1 1 5197.3 0.099 0 1 1 0 0.2
1995 3 1 1 3171.32 0.056 0 1 1 0 0.2
1996 3 1 1 2290.98 0.045 0 1 1 0 0.2
1997 3 1 1 1855.57 0.057 0 1 1 0 0.2
1998 3 1 1 1589.54 0.078 0 1 1 0 0.2
1999 3 1 1 2079.25 0.052 0 1 1 0 0.2
2000 3 1 1 2313.55 0.051 0 1 1 0 0.2
2001 3 1 1 2176.2 0.053 0 1 1 0 0.2
2002 3 1 1 1889.37 0.07 0 1 1 0 0.2
2003 3 1 1 1782.5 0.059 0 1 1 0 0.2
2004 3 1 1 1838.61 0.067 0 1 1 0 0.2
2005 3 1 1 1645.67 0.093 0 1 1 0 0.2
2006 3 1 1 1400.14 0.098 0 1 1 0 0.2
2007 3 1 1 1593.17 0.101 0 1 1 0 0.2
2008 3 1 1 1762.44 0.106 0 1 1 0 0.2
2009 3 1 1 1721.14 0.111 0 1 1 0 0.2
2010 3 1 1 1617.66 0.114 0 1 1 0 0.2
2011 3 1 1 1546.56 0.116 0 1 1 0 0.2
2012 3 1 1 1784.96 0.1 0 1 1 0 0.2
2013 3 1 1 1913.03 0.096 0 1 1 0 0.2
2014 3 1 1 1617.81 0.102 0 1 1 0 0.2
2015 3 1 1 1533.79 0.094 0 1 1 0 0.2
2016 3 1 1 1506.23 0.105 0 1 1 0 0.2
2017 3 1 1 1419.53 0.118 0 1 1 0 0.2
2018 3 1 1 1642.92 0.125 0 1 1 0 0.2
2019 3 1 1 1617.58 0.108 0 1 1 0 0.2
2020 3 1 1 1817.38 0.097 0 1 1 0 0.2
2021 3 1 1 1569.36 0.111 0 1 1 0 0.2
2022 3 1 1 1129.95 0.115 0 1 1 0 0.2
2023 3 1 1 1135.61 0.122 0 1 1 0 0.2
2024 3 1 1 690.02 0.174 0 1 1 0 0.2
#year season fleet sex obs cv type units mult effort discard_mortality
1993 3 2 1 0.5342 1.3108 2 1 1 0 0.64
1994 3 2 1 0.1594 1.3108 2 1 1 0 0.61
1995 3 2 1 1.0176 1.3108 2 1 1 0 0.78
1996 3 2 1 5.8414 1.3108 2 1 1 0 0.8
1997 3 2 1 0.5882 1.3108 2 1 1 0 0.75
1998 3 2 1 0.8257 1.3108 2 1 1 0 0.7
1999 3 2 1 0.9767 1.3108 2 1 1 0 0.69
2000 3 2 1 0.6679 1.3108 2 1 1 0 0.64
2001 3 2 1 0.4024 1.3108 2 1 1 0 0.61
2002 3 2 1 1.3582 1.3108 2 1 1 0 0.56
2003 3 2 1 4.884 1.3108 2 1 1 0 0.53
2004 3 2 1 1.0255 1.3108 2 1 1 0 0.71
2005 3 2 1 1.5267 1.3108 2 1 1 0 0.78
2006 3 2 1 1.8321 1.3108 2 1 1 0 0.63
2007 3 2 1 5.8566 1.3108 2 1 1 0 0.56
2008 3 2 1 9.4607 1.3108 2 1 1 0 0.79
2009 3 2 1 6.8442 1.3108 2 1 1 0 0.71
2010 3 2 1 4.3762 1.3108 2 1 1 0 0.74
2011 3 2 1 6.0586 1.3108 2 1 1 0 0.73
2012 3 2 1 8.7927 1.3108 2 1 1 0 0.74
2013 3 2 1 8.7104 1.3108 2 1 1 0 0.76
2014 3 2 1 6.7511 1.3108 2 1 1 0 0.74
2015 3 2 1 3.0898 1.3108 2 1 1 0 0.77
2016 3 2 1 5.0603 1.3108 2 1 1 0 0.79
2017 3 2 1 2.9548 1.3108 2 1 1 0 0.78
2018 3 2 1 4.7005 1.3108 2 1 1 0 0.72
2019 3 2 1 9.2996 1.3108 2 1 1 0 0.64
2020 3 2 1 10.8408 1.3108 2 1 1 0 0.59
2021 3 2 1 1.7394 1.3108 2 1 1 0 0.78
2022 3 2 1 43.7579 1.3108 2 1 1 0 0.52
2023 3 2 1 6.1242 1.3108 2 1 1 0 0.57
2024 3 2 1 1.765 1.3108 2 1 1 0 0.73
  
  
##------------------------------------------------------------
##--RELATIVE ABUNDANCE DATA-----------------------------------
##------------------------------------------------------------
0 #--input format type (0: old format, 1: new format)
3 #--Number of dataframes
# Type of 'survey' catchability (1=Selectivity; 2=Selectivity+Retention), by data frame
2 2 2
# Number of data rows, by data frame
#   NOTE: this is not correct for retrospective analyses
44
#series year season fleet sex maturity obs cv units timing
1 1995 3 1 1 0 1.1579 0.026 2 0.5
1 1996 3 1 1 0 0.987 0.0214 2 0.5
1 1997 3 1 1 0 1.0048 0.0235 2 0.5
1 1998 3 1 1 0 1.1203 0.0244 2 0.5
1 1999 3 1 1 0 0.8886 0.0232 2 0.5
1 2000 3 1 1 0 0.8769 0.022 2 0.5
1 2001 3 1 1 0 0.7591 0.0275 2 0.5
1 2002 3 1 1 0 0.9049 0.0262 2 0.5
1 2003 3 1 1 0 1.1555 0.0202 2 0.5
1 2004 3 1 1 0 1.2568 0.0191 2 0.5
2 2005 3 1 1 0 1.1939 0.027 2 0.5
2 2006 3 1 1 0 1.2079 0.0259 2 0.5
2 2007 3 1 1 0 1.2007 0.0316 2 0.5
2 2008 3 1 1 0 1.3467 0.0242 2 0.5
2 2009 3 1 1 0 1.4412 0.0231 2 0.5
2 2010 3 1 1 0 1.2002 0.0275 2 0.5
2 2011 3 1 1 0 1.2634 0.0251 2 0.5
2 2012 3 1 1 0 1.2897 0.0233 2 0.5
2 2013 3 1 1 0 0.9113 0.0296 2 0.5
2 2014 3 1 1 0 0.8728 0.0347 2 0.5
2 2015 3 1 1 0 0.8326 0.034 2 0.5
2 2016 3 1 1 0 0.9291 0.0322 2 0.5
2 2017 3 1 1 0 0.9935 0.0345 2 0.5
2 2018 3 1 1 0 1.2265 0.0278 2 0.5
2 2019 3 1 1 0 0.9723 0.0338 2 0.5
2 2020 3 1 1 0 0.9096 0.0321 2 0.5
2 2021 3 1 1 0 0.7184 0.0464 2 0.5
2 2022 3 1 1 0 0.686 0.0572 2 0.5
2 2023 3 1 1 0 0.7709 0.0501 2 0.5
2 2024 3 1 1 0 0.604 0.0979 2 0.5
3 1985 3 1 1 0 3.2483 0.042 2 0.5
3 1986 3 1 1 0 1.3418 0.0933 2 0.5
3 1987 3 1 1 0 1.0943 0.074 2 0.5
3 1988 3 1 1 0 1.3173 0.039 2 0.5
3 1989 3 1 1 0 1.1519 0.0384 2 0.5
3 1990 3 1 1 0 0.8011 0.0614 2 0.5
3 1991 3 1 1 0 0.755 0.0776 2 0.5
3 1992 3 1 1 0 0.6841 0.0793 2 0.5
3 1993 3 1 1 0 0.7607 0.0785 2 0.5
3 1994 3 1 1 0 0.7688 0.0585 2 0.5
3 1995 3 1 1 0 0.9389 0.052 2 0.5
3 1996 3 1 1 0 0.8066 0.0486 2 0.5
3 1997 3 1 1 0 0.7256 0.052 2 0.5
3 1998 3 1 1 0 1.0392 0.0379 2 0.5
  
  
##------------------------------------------------------------
##--SIZE COMPOSITION DATA-------------------------------------
##------------------------------------------------------------
0 #--input format type (0: old format, 1: new format)
2 #--Number of dataframes
# nSizeCompRows_in
40 35
# nSizeCompCols_in
17 17
## Sex: 1 = male, 2 = female, 0 = both
## Type of catch: 1 = retained, 2 = discard, 0 = total
## Shell: 1 = newshell, 2 = oldshell, 0 = both
## Maturity: 1 = immature, 2 = mature, 0 = both
## Stage1_EffN (nsamp): the stage-1 effective sample size (this can be modified in the CTL file)
 
# year season fleet sex type shell maturity nsamp data
1985 3 1 1 1 0 0  346 0.0000 0.0000 0.0000 0.0000 0.0000 0.00251 0.03885 0.14536 0.18546 0.15539 0.16667 0.12657 0.07519 0.04511 0.03258 0.01378 0.01253
1986 3 1 1 1 0 0  348 0.0000 0.0000 0.0000 0.0000 0.0000 0.01120 0.06546 0.11628 0.17313 0.16624 0.16107 0.12145 0.09302 0.03962 0.02929 0.01981 0.00345
1987 3 1 1 1 0 0  359 0.0000 0.0000 0.0000 0.0000 0.0000 0.00756 0.07809 0.12343 0.15869 0.15869 0.16373 0.11839 0.08564 0.05038 0.03778 0.01259 0.00504
1988 3 1 1 1 0 0  368 0.0000 0.0000 0.0000 0.00003 0.00144 0.00799 0.06806 0.18185 0.22924 0.17868 0.11900 0.07897 0.04980 0.03038 0.01888 0.01411 0.02157
1989 3 1 1 1 0 0  755 0.00001 0.0000 0.0000 0.00001 0.00006 0.00408 0.05883 0.19375 0.23420 0.17545 0.12664 0.08762 0.05518 0.03459 0.01598 0.00834 0.00527
1990 3 1 1 1 0 0  342 0.00002 0.0000 0.0000 0.0000 0.00055 0.00955 0.08408 0.21624 0.22220 0.16971 0.11373 0.07406 0.04596 0.02418 0.01507 0.01059 0.01406
1991 3 1 1 1 0 0  166 0.0000 0.00002 0.00031 0.00196 0.00476 0.01250 0.09011 0.23241 0.23651 0.17528 0.11066 0.06556 0.03751 0.01907 0.00834 0.00330 0.00170
1992 3 1 1 1 0 0  104 0.0000 0.0000 0.00003 0.0000 0.00022 0.00354 0.05602 0.19306 0.23607 0.20250 0.13383 0.08215 0.04711 0.02538 0.01251 0.00473 0.00285
1993 3 1 1 1 0 0  415 0.0000 0.0000 0.0000 0.0000 0.00020 0.0000 0.01945 0.16256 0.27399 0.23803 0.14860 0.07446 0.04706 0.02251 0.00927 0.00255 0.00132
1994 3 1 1 1 0 0  734 0.0000 0.0000 0.00018 0.00006 0.0000 0.00213 0.04366 0.17677 0.21848 0.19928 0.14233 0.09429 0.06068 0.03403 0.01796 0.00815 0.00201
1995 3 1 1 1 0 0  734 0.0000 0.0000 0.0000 0.0000 0.00027 0.00110 0.04169 0.18623 0.25453 0.20927 0.14290 0.08036 0.04032 0.02167 0.01426 0.00466 0.00274
1996 3 1 1 1 0 0  957 0.0000 0.0000 0.0000 0.0000 0.0000 0.00351 0.06766 0.20813 0.23216 0.18987 0.12812 0.07606 0.04745 0.02812 0.01186 0.00546 0.00160
1997 3 1 1 1 0 0  968 0.0000 0.0000 0.0000 0.0000 0.00010 0.00268 0.05660 0.20389 0.24405 0.18895 0.12471 0.07518 0.04759 0.02894 0.01546 0.00778 0.00408
1998 3 1 1 1 0 0  525 0.0000 0.0000 0.0000 0.00004 0.0000 0.00253 0.05588 0.21281 0.26257 0.20301 0.12543 0.07113 0.03557 0.01770 0.00802 0.00316 0.00213
1999 3 1 1 1 0 0 1140 0.0000 0.0000 0.0000 0.0000 0.0000 0.00201 0.04448 0.17934 0.26069 0.22105 0.14112 0.08118 0.04229 0.01819 0.00666 0.00219 0.00080
2000 3 1 1 1 0 0 1099 0.0000 0.0000 0.0000 0.00006 0.0000 0.00173 0.04418 0.17550 0.22411 0.19916 0.14843 0.09553 0.05503 0.03227 0.01510 0.00598 0.00291
2001 3 1 1 1 0 0  923 0.0000 0.0000 0.00005 0.0000 0.00010 0.00150 0.04534 0.19464 0.26429 0.21200 0.13567 0.06882 0.04177 0.02166 0.00917 0.00347 0.00150
2002 3 1 1 1 0 0  695 0.0000 0.0000 0.0000 0.0000 0.00006 0.00137 0.05825 0.21441 0.27592 0.21093 0.13288 0.05911 0.02733 0.01227 0.00548 0.00143 0.00057
2003 3 1 1 1 0 0  645 0.0000 0.0000 0.0000 0.0000 0.0000 0.00162 0.04622 0.20607 0.27281 0.21458 0.13202 0.06617 0.03552 0.01638 0.00560 0.00211 0.00089
2004 3 1 1 1 0 0  453 0.0000 0.0000 0.0000 0.0000 0.00008 0.00124 0.04680 0.20613 0.27919 0.20799 0.12319 0.06889 0.03707 0.01792 0.00772 0.00247 0.00131
2005 3 1 1 1 0 0  452 0.0000 0.0000 0.0000 0.0000 0.0000 0.00067 0.03363 0.16724 0.25044 0.20838 0.15180 0.08596 0.05007 0.02554 0.01652 0.00693 0.00284
2006 3 1 1 1 0 0  312 0.0000 0.0000 0.0000 0.0000 0.0000 0.00040 0.02599 0.13203 0.22484 0.19440 0.16231 0.10509 0.07529 0.04327 0.02370 0.00824 0.00444
2007 3 1 1 1 0 0  367 0.0000 0.0000 0.0000 0.0000 0.0000 0.00052 0.02296 0.11997 0.20012 0.18751 0.15100 0.11863 0.09029 0.05926 0.03020 0.01334 0.00621
2008 3 1 1 1 0 0  391 0.0000 0.0000 0.0000 0.0000 0.00038 0.00276 0.02926 0.12189 0.19599 0.18792 0.16644 0.10545 0.08740 0.05368 0.02907 0.01482 0.00494
2009 3 1 1 1 0 0  330 0.0000 0.0000 0.0000 0.00010 0.0000 0.00041 0.01890 0.11052 0.18407 0.17794 0.15424 0.11757 0.09234 0.06742 0.04331 0.02196 0.01124
2010 3 1 1 1 0 0  305 0.0000 0.0000 0.0000 0.0000 0.0000 0.00031 0.01752 0.10552 0.17794 0.18486 0.14484 0.12121 0.09809 0.06814 0.04431 0.02251 0.01477
2011 3 1 1 1 0 0  351 0.0000 0.0000 0.0000 0.0000 0.0000 0.00094 0.02124 0.11204 0.16233 0.17840 0.14390 0.12078 0.08760 0.07454 0.04502 0.02914 0.02406
2012 3 1 1 1 0 0  406 0.0000 0.0000 0.0000 0.0000 0.0000 0.00046 0.02751 0.12871 0.20162 0.18343 0.14858 0.10272 0.08010 0.05365 0.03455 0.02079 0.01788
2013 3 1 1 1 0 0  471 0.0000 0.0000 0.0000 0.0000 0.0000 0.00083 0.01163 0.10714 0.19435 0.21595 0.16487 0.10424 0.08638 0.04319 0.03405 0.02035 0.01703
2014 3 1 1 1 0 0  531 0.0000 0.0000 0.0000 0.0000 0.0000 0.00410 0.03653 0.17822 0.20895 0.18436 0.13588 0.10174 0.06316 0.04507 0.02561 0.01058 0.00580
2015 3 1 1 1 0 0  514 0.0000 0.0000 0.0000 0.0000 0.0000 0.00181 0.04567 0.19174 0.23487 0.19935 0.13664 0.07829 0.05401 0.02863 0.01848 0.00761 0.00290
2016 3 1 1 1 0 0  459 0.0000 0.0000 0.0000 0.0000 0.0000 0.00118 0.03723 0.17320 0.24687 0.23707 0.13205 0.07837 0.04585 0.02625 0.01293 0.00392 0.00509
2017 3 1 1 1 0 0  370 0.0000 0.0000 0.0000 0.0000 0.0000 0.0000 0.02551 0.13403 0.23519 0.21012 0.14829 0.08474 0.06615 0.03805 0.03070 0.01383 0.01340
2018 3 1 1 1 0 0  361 0.0000 0.0000 0.0000 0.0000 0.0000 0.00048 0.01830 0.13102 0.21484 0.20857 0.15222 0.10116 0.07611 0.04143 0.02697 0.01590 0.01301
2019 3 1 1 1 0 0  462 0.0000 0.0000 0.0000 0.0000 0.0000 0.00038 0.03667 0.14897 0.20512 0.20092 0.14553 0.10084 0.06914 0.04622 0.02521 0.01184 0.00917
2020 3 1 1 1 0 0  502 0.0000 0.0000 0.0000 0.0000 0.0000 0.00106 0.03108 0.15118 0.20805 0.20911 0.15648 0.09467 0.06040 0.03780 0.01943 0.01519 0.01554
2021 3 1 1 1 0 0  479 0.0000 0.0000 0.0000 0.0000 0.0000 0.00040 0.03503 0.13734 0.27627 0.21775 0.14889 0.07723 0.05732 0.02667 0.01274 0.00597 0.00438
2022 3 1 1 1 0 0  341 0.0000 0.0000 0.0000 0.0000 0.0000 0.00221 0.03640 0.17209 0.25427 0.21456 0.14451 0.08218 0.04633 0.02537 0.01379 0.00607 0.00221
2023 3 1 1 1 0 0  407 0.0000 0.0000 0.0000 0.0000 0.0000 0.0000 0.03203 0.15848 0.25511 0.22916 0.14964 0.07731 0.05080 0.02871 0.01436 0.00221 0.00221
2024 3 1 1 1 0 0  188 0.0000 0.0000 0.0000 0.0000 0.0000 0.00111 0.03786 0.17929 0.26615 0.23608 0.12584 0.07127 0.04343 0.02116 0.00891 0.00334 0.00557
# year season fleet sex type shell maturity nsamp data
1990 3 1 1 0 0 0  239 0.02628 0.03899 0.06989 0.10744 0.15509 0.14801 0.10397 0.12188 0.10455 0.05733 0.02917 0.01675 0.01314 0.00318 0.00347 0.00058 0.00029
1991 3 1 1 0 0 0  106 0.05044 0.06400 0.07816 0.10491 0.12680 0.12016 0.10899 0.10850 0.08878 0.05959 0.04096 0.02244 0.01285 0.00703 0.00387 0.00191 0.00060
1992 3 1 1 0 0 0   85 0.04150 0.06142 0.08646 0.09886 0.10775 0.11484 0.11872 0.11836 0.09188 0.06523 0.03977 0.02492 0.01616 0.00865 0.00394 0.00107 0.00048
1993 3 1 1 0 0 0   51 0.06800 0.07111 0.08070 0.08380 0.09989 0.10751 0.11879 0.11400 0.10468 0.06349 0.03668 0.02257 0.01467 0.00677 0.00564 0.00113 0.00056
1994 3 1 1 0 0 0  237 0.05592 0.07134 0.08397 0.09459 0.10766 0.11422 0.11649 0.11275 0.09321 0.06810 0.04144 0.01960 0.01163 0.00521 0.00259 0.00085 0.00041
1995 3 1 1 0 0 0  700 0.05300 0.07507 0.09234 0.10467 0.11820 0.12369 0.11493 0.09632 0.07847 0.05856 0.03717 0.02134 0.01225 0.00696 0.00416 0.00183 0.00106
1996 3 1 1 0 0 0  957 0.03461 0.04906 0.06785 0.08950 0.10946 0.12620 0.13138 0.12120 0.10014 0.07390 0.04494 0.02485 0.01336 0.00730 0.00391 0.00165 0.00070
1997 3 1 1 0 0 0  968 0.03514 0.05131 0.06792 0.08319 0.10231 0.11692 0.13219 0.12919 0.10726 0.07538 0.04517 0.02538 0.01360 0.00787 0.00392 0.00185 0.00138
1998 3 1 1 0 0 0  525 0.03689 0.05183 0.07117 0.08944 0.10444 0.11795 0.13509 0.13318 0.10429 0.07517 0.04164 0.02073 0.01013 0.00430 0.00224 0.00080 0.00072
1999 3 1 1 0 0 0 1140 0.03627 0.05206 0.07082 0.08758 0.10561 0.11998 0.13886 0.13133 0.10708 0.07198 0.04130 0.01986 0.01027 0.00404 0.00189 0.00063 0.00044
2000 3 1 1 0 0 0 1099 0.04100 0.05963 0.07835 0.09260 0.10985 0.12314 0.14195 0.12682 0.09481 0.06025 0.03470 0.01854 0.00972 0.00484 0.00246 0.00087 0.00048
2001 3 1 1 0 0 0  923 0.02965 0.04394 0.06415 0.08087 0.10408 0.12573 0.15529 0.14473 0.11158 0.06788 0.03785 0.01723 0.00950 0.00428 0.00225 0.00071 0.00031
2002 3 1 1 0 0 0  695 0.03137 0.04922 0.06321 0.08618 0.10153 0.12318 0.14845 0.14994 0.11000 0.06879 0.03662 0.01702 0.00831 0.00382 0.00160 0.00049 0.00025
2003 3 1 1 0 0 0  645 0.01278 0.02366 0.04144 0.05926 0.08240 0.11647 0.16069 0.17158 0.13792 0.08998 0.05380 0.02546 0.01414 0.00662 0.00258 0.00086 0.00036
2004 3 1 1 0 0 0  453 0.01830 0.03153 0.04772 0.07099 0.09539 0.13032 0.16088 0.15810 0.12627 0.07912 0.04219 0.01988 0.01121 0.00486 0.00219 0.00079 0.00025
2005 3 1 1 0 0 0  352 0.00799 0.01379 0.02496 0.03654 0.05164 0.07895 0.14026 0.18656 0.17472 0.12922 0.07761 0.03886 0.02225 0.00805 0.00554 0.00208 0.00097
2006 3 1 1 0 0 0  250 0.00681 0.01160 0.02006 0.02805 0.04364 0.07199 0.12565 0.17240 0.17378 0.13384 0.08899 0.05554 0.03548 0.01865 0.00825 0.00361 0.00164
2007 3 1 1 0 0 0  232 0.01075 0.01773 0.02727 0.04162 0.05773 0.08911 0.14165 0.16959 0.14625 0.11312 0.07334 0.04897 0.03143 0.01775 0.00871 0.00349 0.00148
2008 3 1 1 0 0 0  242 0.00513 0.01266 0.02117 0.03254 0.04827 0.07141 0.12838 0.17398 0.16513 0.12909 0.08386 0.05067 0.03700 0.02154 0.01165 0.00473 0.00280
2009 3 1 1 0 0 0  225 0.00265 0.00668 0.01127 0.01659 0.02781 0.04884 0.10773 0.16756 0.17700 0.14478 0.10208 0.07024 0.04757 0.03305 0.01984 0.01049 0.00584
2010 3 1 1 0 0 0  211 0.00444 0.00834 0.01708 0.02479 0.03920 0.06135 0.11238 0.16001 0.16577 0.13991 0.09297 0.06333 0.04442 0.03067 0.01966 0.00938 0.00629
2011 3 1 1 0 0 0  285 0.00353 0.00602 0.01135 0.01860 0.03226 0.05254 0.10622 0.16767 0.17360 0.14867 0.09856 0.06465 0.04278 0.03301 0.01977 0.01180 0.00896
2012 3 1 1 0 0 0  322 0.00888 0.01095 0.01607 0.01978 0.03163 0.05333 0.10841 0.16924 0.18415 0.14609 0.09958 0.05922 0.03602 0.02643 0.01448 0.00862 0.00712
2013 3 1 1 0 0 0  333 0.00530 0.00946 0.01612 0.02275 0.03566 0.06118 0.11187 0.15951 0.16805 0.13944 0.09798 0.06423 0.04284 0.02712 0.01882 0.01047 0.00920
2014 3 1 1 0 0 0  353 0.01238 0.01754 0.02513 0.03272 0.04768 0.07421 0.13097 0.17556 0.16688 0.13163 0.08032 0.04616 0.02659 0.01613 0.00845 0.00424 0.00341
2015 3 1 1 0 0 0  323 0.01134 0.01695 0.02366 0.03106 0.04162 0.07028 0.12470 0.18064 0.18215 0.14120 0.08199 0.04359 0.02470 0.01413 0.00705 0.00333 0.00162
2016 3 1 1 0 0 0  280 0.00922 0.01656 0.02672 0.03584 0.05256 0.07465 0.12523 0.17019 0.17323 0.13510 0.08015 0.04638 0.02571 0.01410 0.00809 0.00375 0.00252
2017 3 1 1 0 0 0  215 0.00421 0.00935 0.01597 0.02563 0.04118 0.06665 0.11542 0.16020 0.17085 0.14285 0.09220 0.05926 0.03819 0.02417 0.01640 0.00939 0.00808
2018 3 1 1 0 0 0  237 0.00500 0.00993 0.01437 0.02206 0.03453 0.06190 0.11450 0.15866 0.16576 0.13847 0.09927 0.06727 0.04331 0.02901 0.01848 0.00997 0.00750
2019 3 1 1 0 0 0  244 0.00762 0.01073 0.01611 0.02521 0.04019 0.07143 0.12075 0.15802 0.16514 0.13436 0.09345 0.05948 0.04223 0.02510 0.01452 0.00872 0.00694
2020 3 1 1 0 0 0  305 0.00853 0.01277 0.01817 0.02632 0.04276 0.07531 0.12576 0.16514 0.16675 0.13531 0.09268 0.05612 0.03346 0.01863 0.01231 0.00474 0.00524
2021 3 1 1 0 0 0  247 0.00849 0.01378 0.01991 0.02714 0.05877 0.09238 0.15527 0.16930 0.16875 0.11855 0.08032 0.04033 0.02563 0.01214 0.00529 0.00273 0.00122
2022 3 1 1 0 0 0  226 0.00707 0.00995 0.01516 0.02376 0.04497 0.08245 0.14589 0.17918 0.17872 0.13082 0.08552 0.04385 0.02679 0.01502 0.00688 0.00242 0.00153
2023 3 1 1 0 0 0  220 0.00444 0.00655 0.01133 0.01921 0.03177 0.06531 0.13411 0.19592 0.19387 0.14372 0.08885 0.04559 0.03088 0.01544 0.00855 0.00300 0.00144
2024 3 1 1 0 0 0   91 0.00573 0.00800 0.01211 0.02227 0.04367 0.08160 0.14494 0.19239 0.18969 0.13143 0.08258 0.04194 0.02270 0.01254 0.00605 0.00173 0.00065
  
  
##------------------------------------------------------------
##--GROWTH DATA-----------------------------------------------
##------------------------------------------------------------
3 # GrowthObsType
222 # nGrowthObs
# size-class-at-release, sex, size-class-at-recapture, and time-at-liberty fleet recapture_year number
1 1 3 1 1 1 2004 2
1 1 4 1 1 1 2004 2
2 1 2 1 1 1 2004 1
2 1 4 1 1 1 2004 4
2 1 5 1 1 1 2004 10
2 1 6 1 1 1 2004 1
2 1 8 1 1 1 2004 1
3 1 5 1 1 1 2004 4
3 1 6 1 1 1 2004 6
3 1 7 1 1 1 2004 2
4 1 4 1 1 1 2004 2
4 1 6 1 1 1 2004 7
4 1 7 1 1 1 2004 29
4 1 8 1 1 1 2004 12
5 1 5 1 1 1 2004 9
5 1 6 1 1 1 2004 10
5 1 7 1 1 1 2004 25
5 1 8 1 1 1 2004 90
5 1 9 1 1 1 2004 24
5 1 10 1 1 1 2004 3
6 1 6 1 1 1 2004 18
6 1 7 1 1 1 2004 12
6 1 8 1 1 1 2004 36
6 1 9 1 1 1 2004 96
6 1 10 1 1 1 2004 21
7 1 7 1 1 1 2004 43
7 1 8 1 1 1 2004 9
7 1 9 1 1 1 2004 37
7 1 10 1 1 1 2004 64
7 1 11 1 1 1 2004 23
8 1 8 1 1 1 2004 39
8 1 9 1 1 1 2004 11
8 1 10 1 1 1 2004 28
8 1 11 1 1 1 2004 44
8 1 12 1 1 1 2004 13
8 1 13 1 1 1 2004 1
9 1 9 1 1 1 2004 48
9 1 10 1 1 1 2004 7
9 1 11 1 1 1 2004 8
9 1 12 1 1 1 2004 22
9 1 13 1 1 1 2004 3
10 1 10 1 1 1 2004 56
10 1 11 1 1 1 2004 4
10 1 12 1 1 1 2004 7
10 1 13 1 1 1 2004 12
10 1 14 1 1 1 2004 1
11 1 11 1 1 1 2004 30
11 1 12 1 1 1 2004 6
11 1 13 1 1 1 2004 1
11 1 14 1 1 1 2004 5
12 1 12 1 1 1 2004 18
12 1 13 1 1 1 2004 4
12 1 14 1 1 1 2004 2
12 1 15 1 1 1 2004 2
13 1 13 1 1 1 2004 12
13 1 14 1 1 1 2004 1
13 1 15 1 1 1 2004 1
13 1 16 1 1 1 2004 1
14 1 14 1 1 1 2004 10
14 1 15 1 1 1 2004 1
15 1 15 1 1 1 2004 3
15 1 16 1 1 1 2004 1
17 1 17 1 1 1 2004 1
1 1 4 2 1 1 2004 1
1 1 8 2 1 1 2004 1
2 1 5 2 1 1 2004 2
2 1 7 2 1 1 2004 1
2 1 8 2 1 1 2004 4
2 1 9 2 1 1 2004 3
3 1 5 2 1 1 2004 3
3 1 6 2 1 1 2004 7
3 1 7 2 1 1 2004 1
3 1 8 2 1 1 2004 1
3 1 9 2 1 1 2004 13
3 1 10 2 1 1 2004 1
4 1 6 2 1 1 2004 1
4 1 7 2 1 1 2004 16
4 1 8 2 1 1 2004 8
4 1 9 2 1 1 2004 6
4 1 10 2 1 1 2004 10
4 1 11 2 1 1 2004 4
5 1 5 2 1 1 2004 1
5 1 6 2 1 1 2004 2
5 1 7 2 1 1 2004 15
5 1 8 2 1 1 2004 61
5 1 9 2 1 1 2004 17
5 1 10 2 1 1 2004 5
5 1 11 2 1 1 2004 10
5 1 12 2 1 1 2004 4
5 1 14 2 1 1 2004 1
6 1 6 2 1 1 2004 1
6 1 7 2 1 1 2004 2
6 1 8 2 1 1 2004 24
6 1 9 2 1 1 2004 42
6 1 10 2 1 1 2004 9
6 1 11 2 1 1 2004 3
6 1 12 2 1 1 2004 6
6 1 13 2 1 1 2004 2
7 1 7 2 1 1 2004 2
7 1 8 2 1 1 2004 5
7 1 9 2 1 1 2004 11
7 1 10 2 1 1 2004 39
7 1 11 2 1 1 2004 13
7 1 12 2 1 1 2004 1
7 1 14 2 1 1 2004 1
8 1 8 2 1 1 2004 3
8 1 9 2 1 1 2004 4
8 1 10 2 1 1 2004 10
8 1 11 2 1 1 2004 38
8 1 12 2 1 1 2004 8
8 1 13 2 1 1 2004 1
9 1 9 2 1 1 2004 5
9 1 10 2 1 1 2004 1
9 1 11 2 1 1 2004 7
9 1 12 2 1 1 2004 14
9 1 13 2 1 1 2004 5
10 1 10 2 1 1 2004 3
10 1 12 2 1 1 2004 6
10 1 13 2 1 1 2004 14
10 1 14 2 1 1 2004 2
10 1 17 2 1 1 2004 1
11 1 11 2 1 1 2004 1
11 1 13 2 1 1 2004 5
11 1 14 2 1 1 2004 4
12 1 12 2 1 1 2004 1
12 1 14 2 1 1 2004 2
12 1 15 2 1 1 2004 2
1 1 1 3 1 1 2004 1
1 1 7 3 1 1 2004 5
1 1 9 3 1 1 2004 1
2 1 7 3 1 1 2004 3
2 1 8 3 1 1 2004 11
2 1 9 3 1 1 2004 6
2 1 10 3 1 1 2004 1
3 1 6 3 1 1 2004 1
3 1 7 3 1 1 2004 1
3 1 8 3 1 1 2004 4
3 1 9 3 1 1 2004 14
3 1 10 3 1 1 2004 5
4 1 7 3 1 1 2004 1
4 1 8 3 1 1 2004 1
4 1 9 3 1 1 2004 5
4 1 10 3 1 1 2004 14
4 1 11 3 1 1 2004 3
4 1 12 3 1 1 2004 1
5 1 7 3 1 1 2004 1
5 1 8 3 1 1 2004 4
5 1 9 3 1 1 2004 5
5 1 10 3 1 1 2004 12
5 1 11 3 1 1 2004 24
5 1 12 3 1 1 2004 12
5 1 13 3 1 1 2004 2
5 1 14 3 1 1 2004 1
6 1 6 3 1 1 2004 1
6 1 8 3 1 1 2004 2
6 1 9 3 1 1 2004 8
6 1 10 3 1 1 2004 2
6 1 11 3 1 1 2004 6
6 1 12 3 1 1 2004 7
6 1 13 3 1 1 2004 3
6 1 14 3 1 1 2004 1
7 1 8 3 1 1 2004 1
7 1 9 3 1 1 2004 2
7 1 10 3 1 1 2004 11
7 1 11 3 1 1 2004 3
7 1 13 3 1 1 2004 6
7 1 14 3 1 1 2004 3
8 1 10 3 1 1 2004 1
8 1 11 3 1 1 2004 7
8 1 12 3 1 1 2004 2
8 1 14 3 1 1 2004 1
9 1 11 3 1 1 2004 1
9 1 12 3 1 1 2004 4
9 1 13 3 1 1 2004 1
9 1 15 3 1 1 2004 1
9 1 16 3 1 1 2004 1
10 1 13 3 1 1 2004 1
13 1 15 3 1 1 2004 1
1 1 10 4 1 1 2004 6
1 1 11 4 1 1 2004 1
2 1 8 4 1 1 2004 1
2 1 10 4 1 1 2004 1
2 1 11 4 1 1 2004 5
3 1 8 4 1 1 2004 3
3 1 9 4 1 1 2004 3
3 1 10 4 1 1 2004 3
3 1 11 4 1 1 2004 1
3 1 12 4 1 1 2004 1
3 1 14 4 1 1 2004 1
4 1 9 4 1 1 2004 1
4 1 10 4 1 1 2004 2
4 1 12 4 1 1 2004 1
4 1 14 4 1 1 2004 1
5 1 8 4 1 1 2004 1
5 1 10 4 1 1 2004 1
5 1 11 4 1 1 2004 4
5 1 12 4 1 1 2004 4
6 1 11 4 1 1 2004 1
6 1 12 4 1 1 2004 2
7 1 10 4 1 1 2004 2
7 1 12 4 1 1 2004 1
7 1 14 4 1 1 2004 2
8 1 14 4 1 1 2004 2
1 1 10 5 1 1 2004 2
2 1 11 5 1 1 2004 1
2 1 12 5 1 1 2004 1
2 1 16 5 1 1 2004 1
3 1 11 5 1 1 2004 1
3 1 13 5 1 1 2004 3
3 1 14 5 1 1 2004 1
5 1 14 5 1 1 2004 1
7 1 13 5 1 1 2004 1
7 1 14 5 1 1 2004 1
1 1 8 6 1 1 2004 1
1 1 9 6 1 1 2004 1
1 1 11 6 1 1 2004 1
1 1 12 6 1 1 2004 1
1 1 13 6 1 1 2004 2
2 1 11 6 1 1 2004 2
2 1 14 6 1 1 2004 1
3 1 9 6 1 1 2004 1
4 1 10 6 1 1 2004 2
  
  
##------------------------------------------------------------
##--ENVIRONMENTAL DATA----------------------------------------
##------------------------------------------------------------
1 #--input format type (0: old format, 1: new format)
0 #--number of environmental indices 
# eof
9999
