#========================================================================================================
 # Gmacs Main Data File
1981 # Start year
2023 # End year
6 # Number of seasons
2 # Number of distinct data groups (fleet, among fishing fleets and surveys)
1 # Number of sexes
1 # Number of shell condition types
1 # Number of maturity types
17 # Number of size-classes in the model
5 # Season recruitment occurs
5 # Season molting and growth occurs
5 # Season to calculate SSB (changed to match Feb mating)
6 # Season for N output
# maximum size-class (males then females)
 17
# size_breaks (a vector giving the break points between size intervals with dimension nclass+1)
 100.5000 105.5000 110.5000 115.5000 120.5000 125.5000 130.5000 135.5000 140.5000 145.5000 150.5000 155.5000 160.5000 165.5000 170.5000 175.5000 180.5000 185.5000
# Natural mortality per season input type (1 = vector by season, 2 = matrix by season/year)
2
# Proportion of the total natural mortality to be applied each season
 0.0000 0.4397 0.0000 0.1877 0.3726 0.0000
 0.0000 0.4822 0.0000 0.1452 0.3726 0.0000
 0.0000 0.4822 0.0000 0.1452 0.3726 0.0000
 0.0000 0.3137 0.0000 0.3137 0.3726 0.0000
 0.0000 0.1671 0.0000 0.4603 0.3726 0.0000
 0.0000 0.2507 0.0000 0.3767 0.3726 0.0000
 0.0000 0.0863 0.0000 0.5411 0.3726 0.0000
 0.0000 0.2986 0.0000 0.3288 0.3726 0.0000
 0.0000 0.3986 0.0000 0.2288 0.3726 0.0000
 0.0000 0.2644 0.0000 0.3630 0.3726 0.0000
 0.0000 0.2726 0.0000 0.3548 0.3726 0.0000
 0.0000 0.2753 0.0000 0.3521 0.3726 0.0000
 0.0000 0.4178 0.0000 0.2096 0.3726 0.0000
 0.0000 0.2479 0.0000 0.3795 0.3726 0.0000
 0.0000 0.2219 0.0000 0.4055 0.3726 0.0000
 0.0000 0.3274 0.0000 0.3000 0.3726 0.0000
 0.0000 0.2849 0.0000 0.3425 0.3726 0.0000
 0.0000 0.2616 0.0000 0.3658 0.3726 0.0000
 0.0000 0.2438 0.0000 0.3836 0.3726 0.0000
 0.0000 0.1781 0.0000 0.4493 0.3726 0.0000
 0.0000 0.1589 0.0000 0.4685 0.3726 0.0000
 0.0000 0.1548 0.0000 0.4726 0.3726 0.0000
 0.0000 0.1562 0.0000 0.4712 0.3726 0.0000
 0.0000 0.1425 0.0000 0.4849 0.3726 0.0000
 0.0000 0.4973 0.0000 0.1301 0.3726 0.0000
 0.0000 0.4973 0.0000 0.1301 0.3726 0.0000
 0.0000 0.4986 0.0000 0.1288 0.3726 0.0000
 0.0000 0.4973 0.0000 0.1301 0.3726 0.0000
 0.0000 0.4973 0.0000 0.1301 0.3726 0.0000
 0.0000 0.4973 0.0000 0.1301 0.3726 0.0000
 0.0000 0.4986 0.0000 0.1288 0.3726 0.0000
 0.0000 0.4973 0.0000 0.1301 0.3726 0.0000
 0.0000 0.4973 0.0000 0.1301 0.3726 0.0000
 0.0000 0.4973 0.0000 0.1301 0.3726 0.0000
 0.0000 0.4589 0.0000 0.1685 0.3726 0.0000
 0.0000 0.4575 0.0000 0.1699 0.3726 0.0000
 0.0000 0.4575 0.0000 0.1699 0.3726 0.0000
 0.0000 0.4575 0.0000 0.1699 0.3726 0.0000
 0.0000 0.4356 0.0000 0.1918 0.3726 0.0000
 0.0000 0.4575 0.0000 0.1699 0.3726 0.0000
 0.0000 0.4151 0.0000 0.2123 0.3726 0.0000
 0.0000 0.4082 0.0000 0.2192 0.3726 0.0000
 0.0000 0.4438 0.0000 0.1836 0.3726 0.0000

# Fishing fleet and survey names
Directed_Fishery
GF_Bycatch
# Are the seasons instantaneous (0) or continuous (1)
 1 1 1 1 1 1


##------------------------------------------------------------
##--CATCH DATA------------------------------------------------
##------------------------------------------------------------
 0 #--input catch data format (0: old format, 1: new format)
# Number of catch data frames
3
# Number of rows in each data frame
 43 33 33


##  CATCH DATA
##  Type of catch: 1 = retained, 2 = discard
##  Units of catch: 1 = biomass, 2 = numbers
# year  seas    fleet   sex     obs     cv      type    units   mult    effort  discard_mortality # original
1981.0000	 3.0000	 1.0000	 1.0000	 203.9934	 0.0316	 1.0000	 2.0000	 1.0000	 0.0000	 0.2000	  # 203.9680
1982.0000	 3.0000	 1.0000	 1.0000	 529.8915	 0.0316	 1.0000	 2.0000	 1.0000	 0.0000	 0.2000	  # 529.7870
1983.0000	 3.0000	 1.0000	 1.0000	 662.3120	 0.0316	 1.0000	 2.0000	 1.0000	 0.0000	 0.2000	  # 662.2800
1984.0000	 3.0000	 1.0000	 1.0000	 800.9782	 0.0316	 1.0000	 2.0000	 1.0000	 0.0000	 0.2000	  # 801.1000
1985.0000	 3.0000	 1.0000	 1.0000	 2955.2407	 0.0316	 1.0000	 1.0000	 1.0000	 0.0000	 0.2000	  # 2955.0500
1986.0000	 3.0000	 1.0000	 1.0000	 2682.3077	 0.0316	 1.0000	 1.0000	 1.0000	 0.0000	 0.2000	  # 2686.3600
1987.0000	 3.0000	 1.0000	 1.0000	 2002.8774	 0.0316	 1.0000	 1.0000	 1.0000	 0.0000	 0.2000	  # 2010.2000
1988.0000	 3.0000	 1.0000	 1.0000	 2326.3404	 0.0316	 1.0000	 1.0000	 1.0000	 0.0000	 0.2000	  # 2335.4400
1989.0000	 3.0000	 1.0000	 1.0000	 2661.0780	 0.0316	 1.0000	 1.0000	 1.0000	 0.0000	 0.2000	  # 2665.6500
1990.0000	 3.0000	 1.0000	 1.0000	 1689.7437	 0.0316	 1.0000	 1.0000	 1.0000	 0.0000	 0.2000	  # 1688.0800
1991.0000	 3.0000	 1.0000	 1.0000	 2034.9264	 0.0316	 1.0000	 1.0000	 1.0000	 0.0000	 0.2000	  # 2035.4400
1992.0000	 3.0000	 1.0000	 1.0000	 2112.6836	 0.0316	 1.0000	 1.0000	 1.0000	 0.0000	 0.2000	  # 2111.6200
1993.0000	 3.0000	 1.0000	 1.0000	 1436.3289	 0.0316	 1.0000	 1.0000	 1.0000	 0.0000	 0.2000	  # 1439.1000
1994.0000	 3.0000	 1.0000	 1.0000	 2043.1267	 0.0316	 1.0000	 1.0000	 1.0000	 0.0000	 0.2000	  # 2044.3300
1995.0000	 3.0000	 1.0000	 1.0000	 2315.1084	 0.0316	 1.0000	 1.0000	 1.0000	 0.0000	 0.2000	  # 2258.5600
1996.0000	 3.0000	 1.0000	 1.0000	 1731.7736	 0.0316	 1.0000	 1.0000	 1.0000	 0.0000	 0.2000	  # 1737.9100
1997.0000	 3.0000	 1.0000	 1.0000	 1597.2805	 0.0316	 1.0000	 1.0000	 1.0000	 0.0000	 0.2000	  # 1588.0500
1998.0000	 3.0000	 1.0000	 1.0000	 1508.3302	 0.0316	 1.0000	 1.0000	 1.0000	 0.0000	 0.2000	  # 1473.2000
1999.0000	 3.0000	 1.0000	 1.0000	 1400.8581	 0.0316	 1.0000	 1.0000	 1.0000	 0.0000	 0.2000	  # 1392.4800
2000.0000	 3.0000	 1.0000	 1.0000	 1451.9385	 0.0316	 1.0000	 1.0000	 1.0000	 0.0000	 0.2000	  # 1421.5900
2001.0000	 3.0000	 1.0000	 1.0000	 1412.9043	 0.0316	 1.0000	 1.0000	 1.0000	 0.0000	 0.2000	  # 1441.8100
2002.0000	 3.0000	 1.0000	 1.0000	 1268.9380	 0.0316	 1.0000	 1.0000	 1.0000	 0.0000	 0.2000	  # 1279.9700
2003.0000	 3.0000	 1.0000	 1.0000	 1330.7883	 0.0316	 1.0000	 1.0000	 1.0000	 0.0000	 0.2000	  # 1350.3700
2004.0000	 3.0000	 1.0000	 1.0000	 1290.2243	 0.0316	 1.0000	 1.0000	 1.0000	 0.0000	 0.2000	  # 1309.4400
2005.0000	 3.0000	 1.0000	 1.0000	 1308.2436	 0.0316	 1.0000	 1.0000	 1.0000	 0.0000	 0.2000	  # 1300.2700
2006.0000	 3.0000	 1.0000	 1.0000	 1354.6085	 0.0316	 1.0000	 1.0000	 1.0000	 0.0000	 0.2000	  # 1357.1500
2007.0000	 3.0000	 1.0000	 1.0000	 1362.7669	 0.0316	 1.0000	 1.0000	 1.0000	 0.0000	 0.2000	  # 1356.2400
2008.0000	 3.0000	 1.0000	 1.0000	 1426.8908	 0.0316	 1.0000	 1.0000	 1.0000	 0.0000	 0.2000	  # 1426.2900
2009.0000	 3.0000	 1.0000	 1.0000	 1427.9889	 0.0316	 1.0000	 1.0000	 1.0000	 0.0000	 0.2000	  # 1429.0300
2010.0000	 3.0000	 1.0000	 1.0000	 1422.7322	 0.0316	 1.0000	 1.0000	 1.0000	 0.0000	 0.2000	  # 1427.9900
2011.0000	 3.0000	 1.0000	 1.0000	 1426.8552	 0.0316	 1.0000	 1.0000	 1.0000	 0.0000	 0.2000	  # 1428.9800
2012.0000	 3.0000	 1.0000	 1.0000	 1506.8042	 0.0316	 1.0000	 1.0000	 1.0000	 0.0000	 0.2000	  # 1503.7100
2013.0000	 3.0000	 1.0000	 1.0000	 1546.1240	 0.0316	 1.0000	 1.0000	 1.0000	 0.0000	 0.2000	  # 1546.3100
2014.0000	 3.0000	 1.0000	 1.0000	 1557.8365	 0.0316	 1.0000	 1.0000	 1.0000	 0.0000	 0.2000	  # 1554.0200
2015.0000	 3.0000	 1.0000	 1.0000	 1605.1240	 0.0316	 1.0000	 1.0000	 1.0000	 0.0000	 0.2000	  # 1589.6800
2016.0000	 3.0000	 1.0000	 1.0000	 1596.0983	 0.0316	 1.0000	 1.0000	 1.0000	 0.0000	 0.2000	  # 1578.2900
2017.0000	 3.0000	 1.0000	 1.0000	 1591.9005	 0.0316	 1.0000	 1.0000	 1.0000	 0.0000	 0.2000	  # 1571.4400
2018.0000	 3.0000	 1.0000	 1.0000	 1852.6043	 0.0316	 1.0000	 1.0000	 1.0000	 0.0000	 0.2000	  # 1829.9000
2019.0000	 3.0000	 1.0000	 1.0000	 2056.0466	 0.0316	 1.0000	 1.0000	 1.0000	 0.0000	 0.2000	  # 2030.6300
2020.0000	 3.0000	 1.0000	 1.0000	 1753.0379	 0.0316	 1.0000	 1.0000	 1.0000	 0.0000	 0.2000	  # 1733.2300
2021.0000	 3.0000	 1.0000	 1.0000	 1718.9253	 0.0316	 1.0000	 1.0000	 1.0000	 0.0000	 0.2000	  # 1706.2700
2022.0000	 3.0000	 1.0000	 1.0000	 1591.6542	 0.0316	 1.0000	 1.0000	 1.0000	 0.0000	 0.2000	  # 1584.8700
2023.0000	 3.0000	 1.0000	 1.0000	 1765.7497	 0.0316	 1.0000	 1.0000	 1.0000	 0.0000	 0.2000	  # 1757.9400
1990.0000	 3.0000	 1.0000	 1.0000	 3257.3413	 0.2840	 0.0000	 1.0000	 1.0000	 0.0000	 0.2000	  # 3520.6900
1991.0000	 3.0000	 1.0000	 1.0000	 3750.7125	 0.2700	 0.0000	 1.0000	 1.0000	 0.0000	 0.2000	  # 4017.1300
1992.0000	 3.0000	 1.0000	 1.0000	 4117.2213	 0.2770	 0.0000	 1.0000	 1.0000	 0.0000	 0.2000	  # 5118.1800
1994.0000	 3.0000	 1.0000	 1.0000	 3659.1087	 0.5290	 0.0000	 1.0000	 1.0000	 0.0000	 0.2000	  # 3974.3800
1995.0000	 3.0000	 1.0000	 1.0000	 4341.7840	 0.0490	 0.0000	 1.0000	 1.0000	 0.0000	 0.2000	  # 4657.6900
1996.0000	 3.0000	 1.0000	 1.0000	 3237.6310	 0.0450	 0.0000	 1.0000	 1.0000	 0.0000	 0.2000	  # 3208.4600
1997.0000	 3.0000	 1.0000	 1.0000	 2898.4147	 0.0530	 0.0000	 1.0000	 1.0000	 0.0000	 0.2000	  # 2897.3900
1998.0000	 3.0000	 1.0000	 1.0000	 2804.2851	 0.0580	 0.0000	 1.0000	 1.0000	 0.0000	 0.2000	  # 2951.2500
1999.0000	 3.0000	 1.0000	 1.0000	 2552.2242	 0.0590	 0.0000	 1.0000	 1.0000	 0.0000	 0.2000	  # 2541.1700
2000.0000	 3.0000	 1.0000	 1.0000	 2496.8515	 0.0480	 0.0000	 1.0000	 1.0000	 0.0000	 0.2000	  # 2591.5100
2001.0000	 3.0000	 1.0000	 1.0000	 2282.4519	 0.0500	 0.0000	 1.0000	 1.0000	 0.0000	 0.2000	  # 2153.6100
2002.0000	 3.0000	 1.0000	 1.0000	 1930.3403	 0.0540	 0.0000	 1.0000	 1.0000	 0.0000	 0.2000	  # 1870.9200
2003.0000	 3.0000	 1.0000	 1.0000	 1940.0708	 0.0540	 0.0000	 1.0000	 1.0000	 0.0000	 0.2000	  # 1854.0500
2004.0000	 3.0000	 1.0000	 1.0000	 1800.3638	 0.0720	 0.0000	 1.0000	 1.0000	 0.0000	 0.2000	  # 1670.4400
2005.0000	 3.0000	 1.0000	 1.0000	 1519.0023	 0.0940	 0.0000	 1.0000	 1.0000	 0.0000	 0.2000	  # 1620.3900
2006.0000	 3.0000	 1.0000	 1.0000	 1602.1562	 0.0970	 0.0000	 1.0000	 1.0000	 0.0000	 0.2000	  # 1616.6200
2007.0000	 3.0000	 1.0000	 1.0000	 1620.2513	 0.1020	 0.0000	 1.0000	 1.0000	 0.0000	 0.2000	  # 1754.9400
2008.0000	 3.0000	 1.0000	 1.0000	 1691.3592	 0.1300	 0.0000	 1.0000	 1.0000	 0.0000	 0.2000	  # 1773.7800
2009.0000	 3.0000	 1.0000	 1.0000	 1705.1640	 0.1600	 0.0000	 1.0000	 1.0000	 0.0000	 0.2000	  # 1792.5300
2010.0000	 3.0000	 1.0000	 1.0000	 1698.5348	 0.1550	 0.0000	 1.0000	 1.0000	 0.0000	 0.2000	  # 1701.5400
2011.0000	 3.0000	 1.0000	 1.0000	 1681.7057	 0.1690	 0.0000	 1.0000	 1.0000	 0.0000	 0.2000	  # 1800.5200
2012.0000	 3.0000	 1.0000	 1.0000	 1759.8486	 0.1530	 0.0000	 1.0000	 1.0000	 0.0000	 0.2000	  # 1946.0000
2013.0000	 3.0000	 1.0000	 1.0000	 1804.3276	 0.1410	 0.0000	 1.0000	 1.0000	 0.0000	 0.2000	  # 1854.0600
2014.0000	 3.0000	 1.0000	 1.0000	 1834.5097	 0.1660	 0.0000	 1.0000	 1.0000	 0.0000	 0.2000	  # 1965.0900
2015.0000	 3.0000	 1.0000	 1.0000	 1949.0290	 0.1420	 0.0000	 1.0000	 1.0000	 0.0000	 0.2000	  # 2205.7900
2016.0000	 3.0000	 1.0000	 1.0000	 2020.2916	 0.1240	 0.0000	 1.0000	 1.0000	 0.0000	 0.2000	  # 2214.2300
2017.0000	 3.0000	 1.0000	 1.0000	 2055.1760	 0.1270	 0.0000	 1.0000	 1.0000	 0.0000	 0.2000	  # 2334.3600
2018.0000	 3.0000	 1.0000	 1.0000	 2417.3864	 0.1410	 0.0000	 1.0000	 1.0000	 0.0000	 0.2000	  # 2778.0500
2019.0000	 3.0000	 1.0000	 1.0000	 2695.9542	 0.1320	 0.0000	 1.0000	 1.0000	 0.0000	 0.2000	  # 3039.1600
2020.0000	 3.0000	 1.0000	 1.0000	 2251.1985	 0.1340	 0.0000	 1.0000	 1.0000	 0.0000	 0.2000	  # 2604.5700
2021.0000	 3.0000	 1.0000	 1.0000	 2153.6053	 0.1460	 0.0000	 1.0000	 1.0000	 0.0000	 0.2000	  # 2387.9700
2022.0000	 3.0000	 1.0000	 1.0000	 1933.3335	 0.1750	 0.0000	 1.0000	 1.0000	 0.0000	 0.2000	  # 2078.4700
2023.0000	 3.0000	 1.0000	 1.0000	 2082.2980	 0.1670	 0.0000	 1.0000	 1.0000	 0.0000	 0.2000	  # 2303.9300
1991.0000	 3.0000	 2.0000	 1.0000	 0.7112	 1.3108	 2.0000	 1.0000	 1.0000	 0.0000	 0.6500	  # 0.0692
1992.0000	 3.0000	 2.0000	 1.0000	 1.2898	 1.3108	 2.0000	 1.0000	 1.0000	 0.0000	 0.6100	  # 0.2153
1993.0000	 3.0000	 2.0000	 1.0000	 6.1439	 1.3108	 2.0000	 1.0000	 1.0000	 0.0000	 0.7100	  # 5.2235
1994.0000	 3.0000	 2.0000	 1.0000	 3.7612	 1.3108	 2.0000	 1.0000	 1.0000	 0.0000	 0.7100	  # 1.8291
1995.0000	 3.0000	 2.0000	 1.0000	 3.4080	 1.3108	 2.0000	 1.0000	 1.0000	 0.0000	 0.7800	  # 1.5500
1996.0000	 3.0000	 2.0000	 1.0000	 1.7808	 1.3108	 2.0000	 1.0000	 1.0000	 0.0000	 0.7900	  # 0.4588
1997.0000	 3.0000	 2.0000	 1.0000	 1.1277	 1.3108	 2.0000	 1.0000	 1.0000	 0.0000	 0.5000	  # 0.1740
1998.0000	 3.0000	 2.0000	 1.0000	 3.7252	 1.3108	 2.0000	 1.0000	 1.0000	 0.0000	 0.5200	  # 1.7342
1999.0000	 3.0000	 2.0000	 1.0000	 7.1902	 1.3108	 2.0000	 1.0000	 1.0000	 0.0000	 0.5000	  # 5.9854
2000.0000	 3.0000	 2.0000	 1.0000	 5.5933	 1.3108	 2.0000	 1.0000	 1.0000	 0.0000	 0.5000	  # 3.3307
2001.0000	 3.0000	 2.0000	 1.0000	 2.4258	 1.3108	 2.0000	 1.0000	 1.0000	 0.0000	 0.5200	  # 0.6075
2002.0000	 3.0000	 2.0000	 1.0000	 20.7243	 1.3108	 2.0000	 1.0000	 1.0000	 0.0000	 0.5000	  # 42.7911
2003.0000	 3.0000	 2.0000	 1.0000	 19.9801	 1.3108	 2.0000	 1.0000	 1.0000	 0.0000	 0.5000	  # 39.8673
2004.0000	 3.0000	 2.0000	 1.0000	 3.7041	 1.3108	 2.0000	 1.0000	 1.0000	 0.0000	 0.5800	  # 1.3915
2005.0000	 3.0000	 2.0000	 1.0000	 3.6129	 1.3108	 2.0000	 1.0000	 1.0000	 0.0000	 0.6100	  # 1.3855
2006.0000	 3.0000	 2.0000	 1.0000	 19.8640	 1.3108	 2.0000	 1.0000	 1.0000	 0.0000	 0.5000	  # 42.2080
2007.0000	 3.0000	 2.0000	 1.0000	 34.9082	 1.3108	 2.0000	 1.0000	 1.0000	 0.0000	 0.5000	  # 132.0065
2008.0000	 3.0000	 2.0000	 1.0000	 23.1855	 1.3108	 2.0000	 1.0000	 1.0000	 0.0000	 0.5100	  # 56.8871
2009.0000	 3.0000	 2.0000	 1.0000	 17.0842	 1.3108	 2.0000	 1.0000	 1.0000	 0.0000	 0.5700	  # 30.6739
2010.0000	 3.0000	 2.0000	 1.0000	 29.1819	 1.3108	 2.0000	 1.0000	 1.0000	 0.0000	 0.5400	  # 92.0860
2011.0000	 3.0000	 2.0000	 1.0000	 20.3996	 1.3108	 2.0000	 1.0000	 1.0000	 0.0000	 0.5500	  # 46.1757
2012.0000	 3.0000	 2.0000	 1.0000	 10.3593	 1.3108	 2.0000	 1.0000	 1.0000	 0.0000	 0.7600	  # 12.4208
2013.0000	 3.0000	 2.0000	 1.0000	 7.3285	 1.3108	 2.0000	 1.0000	 1.0000	 0.0000	 0.7700	  # 6.5731
2014.0000	 3.0000	 2.0000	 1.0000	 10.6752	 1.3108	 2.0000	 1.0000	 1.0000	 0.0000	 0.6700	  # 14.2053
2015.0000	 3.0000	 2.0000	 1.0000	 19.1052	 1.3108	 2.0000	 1.0000	 1.0000	 0.0000	 0.5200	  # 43.4311
2016.0000	 3.0000	 2.0000	 1.0000	 41.2298	 1.3108	 2.0000	 1.0000	 1.0000	 0.0000	 0.5000	  # 189.4306
2017.0000	 3.0000	 2.0000	 1.0000	 29.2911	 1.3108	 2.0000	 1.0000	 1.0000	 0.0000	 0.5100	  # 89.1669
2018.0000	 3.0000	 2.0000	 1.0000	 21.6121	 1.3108	 2.0000	 1.0000	 1.0000	 0.0000	 0.5300	  # 44.8286
2019.0000	 3.0000	 2.0000	 1.0000	 18.3114	 1.3108	 2.0000	 1.0000	 1.0000	 0.0000	 0.5400	  # 30.8591
2020.0000	 3.0000	 2.0000	 1.0000	 53.4808	 1.3108	 2.0000	 1.0000	 1.0000	 0.0000	 0.5100	  # 248.2585
2021.0000	 3.0000	 2.0000	 1.0000	 19.5379	 1.3108	 2.0000	 1.0000	 1.0000	 0.0000	 0.5200	  # 32.5060
2022.0000	 3.0000	 2.0000	 1.0000	 13.6466	 1.3108	 2.0000	 1.0000	 1.0000	 0.0000	 0.5900	  # 16.0229
2023.0000	 3.0000	 2.0000	 1.0000	 7.0164	 1.3108	 2.0000	 1.0000	 1.0000	 0.0000	 0.6700	  # 4.3625


##------------------------------------------------------------
##--RELATIVE ABUNDANCE DATA-----------------------------------
##------------------------------------------------------------
0  #--input format type (0: old format, 1: new format)
## Index: One q is estimated for each index (the number of index values should match nSurveys
## Sex: 1 = male, 2 = female, 0 = both
## Maturity: 1 = mature, 2 = immature, 0 = both
## Units of survey: 1 = biomass, 2 = numbers
##  Number  of  relative  abundance indicies
3
# Type of 'survey' catchability (1=Selectivity; 2=Selectivity+Retention), by data frame
 2 2 2
##  Number of rows in index
43
#Index	Year	Season	Fleet	Sex	Maturity	Value	CV	Type	Time # original
1.0000	 1995.0000	 3.0000	 1.0000	 1.0000	 0.0000	 0.7438	 0.0354	 2.0000	 0.5000	 # 0.9373
1.0000	 1996.0000	 3.0000	 1.0000	 1.0000	 0.0000	 0.7140	 0.0227	 2.0000	 0.5000	 # 0.9258
1.0000	 1997.0000	 3.0000	 1.0000	 1.0000	 0.0000	 0.7626	 0.0224	 2.0000	 0.5000	 # 0.9103
1.0000	 1998.0000	 3.0000	 1.0000	 1.0000	 0.0000	 0.7977	 0.0184	 2.0000	 0.5000	 # 1.0498
1.0000	 1999.0000	 3.0000	 1.0000	 1.0000	 0.0000	 0.9008	 0.0191	 2.0000	 0.5000	 # 0.9559
1.0000	 2000.0000	 3.0000	 1.0000	 1.0000	 0.0000	 1.0594	 0.0182	 2.0000	 0.5000	 # 0.8427
1.0000	 2001.0000	 3.0000	 1.0000	 1.0000	 0.0000	 1.1972	 0.0172	 2.0000	 0.5000	 # 0.9859
1.0000	 2002.0000	 3.0000	 1.0000	 1.0000	 0.0000	 1.3277	 0.0173	 2.0000	 0.5000	 # 1.1028
1.0000	 2003.0000	 3.0000	 1.0000	 1.0000	 0.0000	 1.4018	 0.0197	 2.0000	 0.5000	 # 0.9152
1.0000	 2004.0000	 3.0000	 1.0000	 1.0000	 0.0000	 1.4488	 0.0165	 2.0000	 0.5000	 # 1.5048
2.0000	 2005.0000	 3.0000	 1.0000	 1.0000	 0.0000	 1.0776	 0.0265	 2.0000	 0.5000	 # 1.0288
2.0000	 2006.0000	 3.0000	 1.0000	 1.0000	 0.0000	 1.0341	 0.0337	 2.0000	 0.5000	 # 0.7552
2.0000	 2007.0000	 3.0000	 1.0000	 1.0000	 0.0000	 1.0394	 0.0254	 2.0000	 0.5000	 # 0.8553
2.0000	 2008.0000	 3.0000	 1.0000	 1.0000	 0.0000	 1.0432	 0.0316	 2.0000	 0.5000	 # 0.8814
2.0000	 2009.0000	 3.0000	 1.0000	 1.0000	 0.0000	 1.0342	 0.0490	 2.0000	 0.5000	 # 0.7305
2.0000	 2010.0000	 3.0000	 1.0000	 1.0000	 0.0000	 1.0462	 0.0478	 2.0000	 0.5000	 # 0.7179
2.0000	 2011.0000	 3.0000	 1.0000	 1.0000	 0.0000	 1.0548	 0.0305	 2.0000	 0.5000	 # 1.0505
2.0000	 2012.0000	 3.0000	 1.0000	 1.0000	 0.0000	 1.0215	 0.0297	 2.0000	 0.5000	 # 1.0029
2.0000	 2013.0000	 3.0000	 1.0000	 1.0000	 0.0000	 0.9542	 0.0289	 2.0000	 0.5000	 # 0.9839
2.0000	 2014.0000	 3.0000	 1.0000	 1.0000	 0.0000	 0.8730	 0.0242	 2.0000	 0.5000	 # 1.2540
2.0000	 2015.0000	 3.0000	 1.0000	 1.0000	 0.0000	 0.8022	 0.0208	 2.0000	 0.5000	 # 1.2814
2.0000	 2016.0000	 3.0000	 1.0000	 1.0000	 0.0000	 0.7725	 0.0247	 2.0000	 0.5000	 # 1.0325
2.0000	 2017.0000	 3.0000	 1.0000	 1.0000	 0.0000	 0.8128	 0.0269	 2.0000	 0.5000	 # 1.0015
2.0000	 2018.0000	 3.0000	 1.0000	 1.0000	 0.0000	 0.8705	 0.0225	 2.0000	 0.5000	 # 1.1878
2.0000	 2019.0000	 3.0000	 1.0000	 1.0000	 0.0000	 0.9395	 0.0231	 2.0000	 0.5000	 # 1.1138
2.0000	 2020.0000	 3.0000	 1.0000	 1.0000	 0.0000	 1.0476	 0.0268	 2.0000	 0.5000	 # 1.0087
2.0000	 2021.0000	 3.0000	 1.0000	 1.0000	 0.0000	 1.1776	 0.0328	 2.0000	 0.5000	 # 0.9163
2.0000	 2022.0000	 3.0000	 1.0000	 1.0000	 0.0000	 1.2954	 0.0302	 2.0000	 0.5000	 # 1.2451
2.0000	 2023.0000	 3.0000	 1.0000	 1.0000	 0.0000	 1.3335	 0.0267	 2.0000	 0.5000	 # 1.2417
3.0000	 1985.0000	 3.0000	 1.0000	 1.0000	 0.0000	 1.6640	 0.0947	 2.0000	 0.5000	 # 1.5245
3.0000	 1986.0000	 3.0000	 1.0000	 1.0000	 0.0000	 1.3745	 0.1779	 2.0000	 0.5000	 # 0.8917
3.0000	 1987.0000	 3.0000	 1.0000	 1.0000	 0.0000	 1.2722	 0.0951	 2.0000	 0.5000	 # 0.8266
3.0000	 1988.0000	 3.0000	 1.0000	 1.0000	 0.0000	 1.0248	 0.0592	 2.0000	 0.5000	 # 0.9649
3.0000	 1989.0000	 3.0000	 1.0000	 1.0000	 0.0000	 0.8390	 0.0394	 2.0000	 0.5000	 # 1.1090
3.0000	 1990.0000	 3.0000	 1.0000	 1.0000	 0.0000	 0.9153	 0.0628	 2.0000	 0.5000	 # 0.9358
3.0000	 1991.0000	 3.0000	 1.0000	 1.0000	 0.0000	 0.9405	 0.0620	 2.0000	 0.5000	 # 0.9233
3.0000	 1992.0000	 3.0000	 1.0000	 1.0000	 0.0000	 0.8813	 0.0686	 2.0000	 0.5000	 # 0.9060
3.0000	 1993.0000	 3.0000	 1.0000	 1.0000	 0.0000	 0.8932	 0.0635	 2.0000	 0.5000	 # 0.9290
3.0000	 1994.0000	 3.0000	 1.0000	 1.0000	 0.0000	 1.0213	 0.0699	 2.0000	 0.5000	 # 0.7996
3.0000	 1995.0000	 3.0000	 1.0000	 1.0000	 0.0000	 0.9166	 0.0681	 2.0000	 0.5000	 # 0.8562
3.0000	 1996.0000	 3.0000	 1.0000	 1.0000	 0.0000	 0.8798	 0.0650	 2.0000	 0.5000	 # 0.9640
3.0000	 1997.0000	 3.0000	 1.0000	 1.0000	 0.0000	 0.9398	 0.0440	 2.0000	 0.5000	 # 1.4078
3.0000	 1998.0000	 3.0000	 1.0000	 1.0000	 0.0000	 0.9830	 0.0527	 2.0000	 0.5000	 # 1.2311


##------------------------------------------------------------
##--SIZE COMPOSITION DATA-------------------------------------
##------------------------------------------------------------
0   #--format flag (0=old style, 1=new style)
#  Number  of  length  frequency matrices
2
##  Number of rows in each matrix
 39 33
##  Number of bins in each matrix (columns of size data)
 17 17
## Sex: 1 = male, 2 = female, 0 = both
## Type of catch: 1 = retained, 2 = discard, 0 = total
## Shell: 1 = newshell, 2 = oldshell, 0 = both
## Maturity: 1 = immature, 2 = mature, 0 = both
## Stage1_EffN: the stage-1 effective sample size (this can be modified in the CTL file)
# Year Season Fleet Sex Type Shell Maturity Stage1_EffN Data
1985.0000	 3.0000	 1.0000	 1.0000	 1.0000	 0.0000	 0.0000	 1616.0000	 0.0000	 0.0000	 0.0000	 0.0000	 0.0003	 0.0034	 0.0327	 0.1288	 0.1736	 0.1660	 0.1382	 0.1090	 0.0824	 0.0603	 0.0441	 0.0299	 0.0312	 	 # 0.0000	 0.0000	 0.0000	 0.0004	 0.0000	 0.0021	 0.0400	 0.1117	 0.1568	 0.1576	 0.1597	 0.1343	 0.1014	 0.0647	 0.0369	 0.0179	 0.0165	 
1986.0000	 3.0000	 1.0000	 1.0000	 1.0000	 0.0000	 0.0000	 1244.0000	 0.0000	 0.0000	 0.0000	 0.0000	 0.0003	 0.0038	 0.0378	 0.1461	 0.1896	 0.1745	 0.1392	 0.1046	 0.0750	 0.0511	 0.0343	 0.0218	 0.0220	 	 # 0.0000	 0.0000	 0.0000	 0.0003	 0.0006	 0.0044	 0.0524	 0.1531	 0.1745	 0.1923	 0.1461	 0.1118	 0.0691	 0.0427	 0.0331	 0.0105	 0.0091	 
1987.0000	 3.0000	 1.0000	 1.0000	 1.0000	 0.0000	 0.0000	 712.0000	 0.0000	 0.0000	 0.0000	 0.0000	 0.0003	 0.0034	 0.0364	 0.1516	 0.2041	 0.1868	 0.1435	 0.1023	 0.0693	 0.0441	 0.0271	 0.0159	 0.0151	 	 # 0.0000	 0.0000	 0.0025	 0.0000	 0.0005	 0.0060	 0.0740	 0.1614	 0.2279	 0.1699	 0.1344	 0.0865	 0.0585	 0.0325	 0.0230	 0.0110	 0.0120	 
1988.0000	 3.0000	 1.0000	 1.0000	 1.0000	 0.0000	 0.0000	 2000.0000	 0.0000	 0.0000	 0.0000	 0.0000	 0.0005	 0.0051	 0.0445	 0.1558	 0.1980	 0.1868	 0.1479	 0.1051	 0.0688	 0.0410	 0.0231	 0.0125	 0.0108	 	 # 0.0000	 0.0000	 0.0000	 0.0000	 0.0003	 0.0052	 0.0423	 0.1291	 0.1848	 0.1801	 0.1567	 0.1332	 0.0727	 0.0447	 0.0242	 0.0141	 0.0127	 
1989.0000	 3.0000	 1.0000	 1.0000	 1.0000	 0.0000	 0.0000	 2000.0000	 0.0000	 0.0000	 0.0000	 0.0001	 0.0007	 0.0072	 0.0625	 0.1993	 0.2190	 0.1787	 0.1274	 0.0860	 0.0553	 0.0320	 0.0169	 0.0084	 0.0065	 	 # 0.0000	 0.0000	 0.0000	 0.0000	 0.0003	 0.0068	 0.0881	 0.2155	 0.2079	 0.1453	 0.1038	 0.0749	 0.0556	 0.0376	 0.0258	 0.0189	 0.0196	 
1990.0000	 3.0000	 1.0000	 1.0000	 1.0000	 0.0000	 0.0000	 2000.0000	 0.0000	 0.0000	 0.0000	 0.0000	 0.0006	 0.0061	 0.0601	 0.2192	 0.2538	 0.1931	 0.1186	 0.0687	 0.0397	 0.0213	 0.0106	 0.0049	 0.0034	 	 # 0.0000	 0.0000	 0.0000	 0.0000	 0.0005	 0.0052	 0.0801	 0.2212	 0.2473	 0.1799	 0.1167	 0.0703	 0.0426	 0.0217	 0.0078	 0.0036	 0.0029	 
1991.0000	 3.0000	 1.0000	 1.0000	 1.0000	 0.0000	 0.0000	 2000.0000	 0.0000	 0.0000	 0.0000	 0.0000	 0.0005	 0.0056	 0.0539	 0.1990	 0.2454	 0.2050	 0.1356	 0.0786	 0.0417	 0.0199	 0.0088	 0.0037	 0.0022	 	 # 0.0000	 0.0000	 0.0000	 0.0000	 0.0002	 0.0049	 0.0617	 0.1927	 0.2354	 0.2082	 0.1311	 0.0800	 0.0450	 0.0207	 0.0111	 0.0056	 0.0033	 
1992.0000	 3.0000	 1.0000	 1.0000	 1.0000	 0.0000	 0.0000	 2000.0000	 0.0000	 0.0000	 0.0000	 0.0001	 0.0006	 0.0056	 0.0538	 0.1959	 0.2398	 0.2029	 0.1383	 0.0831	 0.0451	 0.0212	 0.0088	 0.0033	 0.0017	 	 # 0.0000	 0.0000	 0.0000	 0.0001	 0.0003	 0.0036	 0.0589	 0.1787	 0.2380	 0.1985	 0.1336	 0.0867	 0.0494	 0.0287	 0.0147	 0.0056	 0.0030	 
1993.0000	 3.0000	 1.0000	 1.0000	 1.0000	 0.0000	 0.0000	 2000.0000	 0.0000	 0.0000	 0.0000	 0.0000	 0.0006	 0.0069	 0.0601	 0.2029	 0.2369	 0.1973	 0.1342	 0.0813	 0.0448	 0.0213	 0.0088	 0.0032	 0.0014	 	 # 0.0000	 0.0000	 0.0000	 0.0000	 0.0002	 0.0042	 0.0411	 0.2035	 0.2526	 0.2098	 0.1415	 0.0742	 0.0396	 0.0206	 0.0089	 0.0028	 0.0013	 
1994.0000	 3.0000	 1.0000	 1.0000	 1.0000	 0.0000	 0.0000	 2000.0000	 0.0000	 0.0000	 0.0000	 0.0000	 0.0004	 0.0048	 0.0515	 0.2027	 0.2484	 0.2010	 0.1329	 0.0798	 0.0441	 0.0211	 0.0087	 0.0031	 0.0013	 	 # 0.0000	 0.0000	 0.0002	 0.0000	 0.0002	 0.0029	 0.0519	 0.1839	 0.2618	 0.2021	 0.1265	 0.0768	 0.0456	 0.0210	 0.0108	 0.0148	 0.0015	 
1995.0000	 3.0000	 1.0000	 1.0000	 1.0000	 0.0000	 0.0000	 2000.0000	 0.0000	 0.0000	 0.0000	 0.0000	 0.0006	 0.0058	 0.0527	 0.1862	 0.2317	 0.2047	 0.1446	 0.0884	 0.0483	 0.0228	 0.0094	 0.0034	 0.0014	 	 # 0.0000	 0.0000	 0.0003	 0.0000	 0.0005	 0.0035	 0.0505	 0.1791	 0.2381	 0.1957	 0.1308	 0.0875	 0.0562	 0.0326	 0.0146	 0.0070	 0.0037	 
1996.0000	 3.0000	 1.0000	 1.0000	 1.0000	 0.0000	 0.0000	 2000.0000	 0.0000	 0.0000	 0.0000	 0.0000	 0.0005	 0.0060	 0.0566	 0.2021	 0.2396	 0.1971	 0.1334	 0.0820	 0.0462	 0.0224	 0.0093	 0.0033	 0.0013	 	 # 0.0000	 0.0003	 0.0000	 0.0010	 0.0017	 0.0045	 0.0575	 0.1631	 0.2168	 0.1934	 0.1363	 0.0917	 0.0623	 0.0364	 0.0221	 0.0101	 0.0029	 
1997.0000	 3.0000	 1.0000	 1.0000	 1.0000	 0.0000	 0.0000	 2000.0000	 0.0000	 0.0000	 0.0000	 0.0000	 0.0005	 0.0050	 0.0504	 0.1943	 0.2428	 0.2036	 0.1377	 0.0833	 0.0462	 0.0222	 0.0093	 0.0033	 0.0014	 	 # 0.0000	 0.0000	 0.0000	 0.0000	 0.0004	 0.0039	 0.0631	 0.1981	 0.2483	 0.1919	 0.1259	 0.0803	 0.0450	 0.0244	 0.0124	 0.0052	 0.0011	 
1998.0000	 3.0000	 1.0000	 1.0000	 1.0000	 0.0000	 0.0000	 2000.0000	 0.0000	 0.0000	 0.0000	 0.0000	 0.0006	 0.0055	 0.0503	 0.1836	 0.2304	 0.2029	 0.1451	 0.0909	 0.0509	 0.0245	 0.0102	 0.0037	 0.0015	 	 # 0.0000	 0.0000	 0.0000	 0.0000	 0.0001	 0.0019	 0.0521	 0.1851	 0.2275	 0.1967	 0.1348	 0.0879	 0.0535	 0.0333	 0.0181	 0.0059	 0.0031	 
1999.0000	 3.0000	 1.0000	 1.0000	 1.0000	 0.0000	 0.0000	 1833.0000	 0.0000	 0.0000	 0.0000	 0.0000	 0.0005	 0.0055	 0.0514	 0.1887	 0.2308	 0.1971	 0.1408	 0.0903	 0.0523	 0.0259	 0.0109	 0.0040	 0.0016	 	 # 0.0000	 0.0000	 0.0000	 0.0000	 0.0000	 0.0026	 0.0599	 0.2243	 0.2477	 0.1842	 0.1162	 0.0727	 0.0456	 0.0265	 0.0115	 0.0068	 0.0022	 
2000.0000	 3.0000	 1.0000	 1.0000	 1.0000	 0.0000	 0.0000	 2000.0000	 0.0000	 0.0000	 0.0000	 0.0000	 0.0004	 0.0047	 0.0466	 0.1823	 0.2314	 0.1999	 0.1436	 0.0924	 0.0538	 0.0270	 0.0117	 0.0043	 0.0018	 	 # 0.0000	 0.0000	 0.0000	 0.0000	 0.0000	 0.0035	 0.0528	 0.2037	 0.2484	 0.1913	 0.1299	 0.0780	 0.0481	 0.0235	 0.0131	 0.0050	 0.0027	 
2001.0000	 3.0000	 1.0000	 1.0000	 1.0000	 0.0000	 0.0000	 1640.0000	 0.0000	 0.0000	 0.0000	 0.0000	 0.0004	 0.0043	 0.0420	 0.1682	 0.2226	 0.2018	 0.1514	 0.1001	 0.0591	 0.0300	 0.0131	 0.0049	 0.0021	 	 # 0.0000	 0.0002	 0.0000	 0.0000	 0.0000	 0.0020	 0.0409	 0.1639	 0.2322	 0.2001	 0.1582	 0.0950	 0.0564	 0.0305	 0.0137	 0.0037	 0.0031	 
2002.0000	 3.0000	 1.0000	 1.0000	 1.0000	 0.0000	 0.0000	 1715.0000	 0.0000	 0.0000	 0.0000	 0.0000	 0.0003	 0.0035	 0.0363	 0.1547	 0.2141	 0.2009	 0.1571	 0.1084	 0.0662	 0.0346	 0.0154	 0.0059	 0.0026	 	 # 0.0002	 0.0000	 0.0000	 0.0000	 0.0000	 0.0009	 0.0421	 0.1826	 0.2376	 0.2067	 0.1451	 0.0876	 0.0491	 0.0281	 0.0138	 0.0049	 0.0014	 
2003.0000	 3.0000	 1.0000	 1.0000	 1.0000	 0.0000	 0.0000	 1510.0000	 0.0000	 0.0000	 0.0000	 0.0000	 0.0003	 0.0032	 0.0328	 0.1392	 0.1991	 0.1973	 0.1636	 0.1187	 0.0755	 0.0409	 0.0188	 0.0074	 0.0033	 	 # 0.0000	 0.0000	 0.0000	 0.0000	 0.0002	 0.0017	 0.0324	 0.1600	 0.2251	 0.2134	 0.1485	 0.1031	 0.0556	 0.0295	 0.0188	 0.0075	 0.0044	 
2004.0000	 3.0000	 1.0000	 1.0000	 1.0000	 0.0000	 0.0000	 1184.0000	 0.0000	 0.0000	 0.0000	 0.0000	 0.0002	 0.0028	 0.0298	 0.1309	 0.1902	 0.1915	 0.1641	 0.1245	 0.0831	 0.0471	 0.0225	 0.0091	 0.0042	 	 # 0.0000	 0.0000	 0.0000	 0.0000	 0.0000	 0.0003	 0.0493	 0.1603	 0.2341	 0.1982	 0.1481	 0.0988	 0.0596	 0.0322	 0.0158	 0.0029	 0.0005	 
2005.0000	 3.0000	 1.0000	 1.0000	 1.0000	 0.0000	 0.0000	 1047.0000	 0.0000	 0.0000	 0.0000	 0.0000	 0.0001	 0.0011	 0.0166	 0.0976	 0.1713	 0.1932	 0.1773	 0.1410	 0.0978	 0.0576	 0.0286	 0.0120	 0.0058	 	 # 0.0000	 0.0000	 0.0000	 0.0000	 0.0000	 0.0006	 0.0185	 0.1132	 0.1949	 0.2082	 0.1813	 0.1336	 0.0704	 0.0399	 0.0266	 0.0068	 0.0058	 
2006.0000	 3.0000	 1.0000	 1.0000	 1.0000	 0.0000	 0.0000	 717.0000	 0.0000	 0.0000	 0.0000	 0.0000	 0.0001	 0.0014	 0.0189	 0.0987	 0.1637	 0.1853	 0.1740	 0.1420	 0.1015	 0.0618	 0.0319	 0.0138	 0.0070	 	 # 0.0000	 0.0000	 0.0000	 0.0000	 0.0000	 0.0005	 0.0146	 0.0948	 0.1686	 0.1877	 0.1795	 0.1476	 0.1030	 0.0570	 0.0287	 0.0109	 0.0073	 
2007.0000	 3.0000	 1.0000	 1.0000	 1.0000	 0.0000	 0.0000	 1089.0000	 0.0000	 0.0000	 0.0000	 0.0000	 0.0001	 0.0014	 0.0203	 0.1103	 0.1756	 0.1840	 0.1643	 0.1327	 0.0965	 0.0605	 0.0322	 0.0144	 0.0076	 	 # 0.0003	 0.0000	 0.0000	 0.0000	 0.0003	 0.0000	 0.0224	 0.1085	 0.1807	 0.1809	 0.1696	 0.1263	 0.0925	 0.0639	 0.0316	 0.0154	 0.0077	 
2008.0000	 3.0000	 1.0000	 1.0000	 1.0000	 0.0000	 0.0000	 769.0000	 0.0000	 0.0000	 0.0000	 0.0000	 0.0001	 0.0013	 0.0194	 0.1086	 0.1787	 0.1898	 0.1667	 0.1304	 0.0928	 0.0582	 0.0315	 0.0145	 0.0079	 	 # 0.0000	 0.0000	 0.0000	 0.0000	 0.0000	 0.0008	 0.0140	 0.1013	 0.1940	 0.1739	 0.1622	 0.1346	 0.0900	 0.0688	 0.0325	 0.0155	 0.0125	 
2009.0000	 3.0000	 1.0000	 1.0000	 1.0000	 0.0000	 0.0000	 803.0000	 0.0000	 0.0000	 0.0000	 0.0000	 0.0001	 0.0014	 0.0202	 0.1087	 0.1771	 0.1901	 0.1683	 0.1311	 0.0923	 0.0573	 0.0309	 0.0144	 0.0081	 	 # 0.0000	 0.0000	 0.0000	 0.0000	 0.0000	 0.0000	 0.0149	 0.0858	 0.1792	 0.2042	 0.1792	 0.1321	 0.0947	 0.0654	 0.0263	 0.0127	 0.0055	 
2010.0000	 3.0000	 1.0000	 1.0000	 1.0000	 0.0000	 0.0000	 817.0000	 0.0000	 0.0000	 0.0000	 0.0000	 0.0001	 0.0014	 0.0207	 0.1128	 0.1816	 0.1905	 0.1662	 0.1287	 0.0903	 0.0558	 0.0300	 0.0140	 0.0080	 	 # 0.0000	 0.0000	 0.0000	 0.0000	 0.0000	 0.0004	 0.0179	 0.1229	 0.1867	 0.1862	 0.1543	 0.1267	 0.0825	 0.0659	 0.0315	 0.0136	 0.0115	 
2011.0000	 3.0000	 1.0000	 1.0000	 1.0000	 0.0000	 0.0000	 767.0000	 0.0000	 0.0000	 0.0000	 0.0000	 0.0001	 0.0013	 0.0192	 0.1097	 0.1825	 0.1938	 0.1686	 0.1292	 0.0897	 0.0549	 0.0294	 0.0137	 0.0079	 	 # 0.0000	 0.0000	 0.0000	 0.0000	 0.0000	 0.0000	 0.0064	 0.0782	 0.1655	 0.2114	 0.1795	 0.1189	 0.1101	 0.0654	 0.0367	 0.0196	 0.0084	 
2012.0000	 3.0000	 1.0000	 1.0000	 1.0000	 0.0000	 0.0000	 943.0000	 0.0000	 0.0000	 0.0000	 0.0000	 0.0001	 0.0012	 0.0179	 0.1031	 0.1762	 0.1937	 0.1728	 0.1339	 0.0928	 0.0565	 0.0300	 0.0139	 0.0080	 	 # 0.0000	 0.0000	 0.0000	 0.0000	 0.0000	 0.0007	 0.0120	 0.0766	 0.1637	 0.1921	 0.1678	 0.1350	 0.1073	 0.0738	 0.0427	 0.0198	 0.0085	 
2013.0000	 3.0000	 1.0000	 1.0000	 1.0000	 0.0000	 0.0000	 886.0000	 0.0000	 0.0000	 0.0000	 0.0000	 0.0001	 0.0012	 0.0178	 0.1012	 0.1718	 0.1904	 0.1728	 0.1364	 0.0958	 0.0587	 0.0312	 0.0144	 0.0083	 	 # 0.0000	 0.0000	 0.0000	 0.0000	 0.0000	 0.0016	 0.0148	 0.0980	 0.1645	 0.1781	 0.1812	 0.1313	 0.0988	 0.0637	 0.0359	 0.0199	 0.0121	 
2014.0000	 3.0000	 1.0000	 1.0000	 1.0000	 0.0000	 0.0000	 898.0000	 0.0000	 0.0000	 0.0000	 0.0000	 0.0001	 0.0013	 0.0186	 0.1030	 0.1715	 0.1883	 0.1706	 0.1356	 0.0964	 0.0596	 0.0319	 0.0147	 0.0085	 	 # 0.0000	 0.0000	 0.0000	 0.0000	 0.0000	 0.0018	 0.0211	 0.0828	 0.1674	 0.1784	 0.1747	 0.1232	 0.1062	 0.0740	 0.0372	 0.0230	 0.0101	 
2015.0000	 3.0000	 1.0000	 1.0000	 1.0000	 0.0000	 0.0000	 851.0000	 0.0000	 0.0000	 0.0000	 0.0000	 0.0001	 0.0016	 0.0217	 0.1114	 0.1755	 0.1870	 0.1663	 0.1310	 0.0932	 0.0580	 0.0312	 0.0145	 0.0084	 	 # 0.0000	 0.0000	 0.0000	 0.0000	 0.0000	 0.0000	 0.0104	 0.0696	 0.1614	 0.1936	 0.1514	 0.1384	 0.1001	 0.0801	 0.0457	 0.0257	 0.0235	 
2016.0000	 3.0000	 1.0000	 1.0000	 1.0000	 0.0000	 0.0000	 1005.0000	 0.0000	 0.0000	 0.0000	 0.0000	 0.0001	 0.0020	 0.0268	 0.1301	 0.1905	 0.1887	 0.1581	 0.1197	 0.0836	 0.0518	 0.0279	 0.0130	 0.0076	 	 # 0.0000	 0.0000	 0.0000	 0.0000	 0.0000	 0.0015	 0.0215	 0.1224	 0.1895	 0.2010	 0.1498	 0.1168	 0.0827	 0.0556	 0.0304	 0.0174	 0.0115	 
2017.0000	 3.0000	 1.0000	 1.0000	 1.0000	 0.0000	 0.0000	 896.0000	 0.0000	 0.0000	 0.0000	 0.0000	 0.0001	 0.0021	 0.0291	 0.1449	 0.2097	 0.1971	 0.1536	 0.1085	 0.0720	 0.0432	 0.0229	 0.0106	 0.0062	 	 # 0.0000	 0.0000	 0.0000	 0.0000	 0.0000	 0.0004	 0.0228	 0.1351	 0.2253	 0.2075	 0.1726	 0.1013	 0.0641	 0.0364	 0.0152	 0.0110	 0.0083	 
2018.0000	 3.0000	 1.0000	 1.0000	 1.0000	 0.0000	 0.0000	 968.0000	 0.0000	 0.0000	 0.0000	 0.0000	 0.0001	 0.0022	 0.0300	 0.1489	 0.2169	 0.2046	 0.1563	 0.1053	 0.0657	 0.0373	 0.0190	 0.0086	 0.0049	 	 # 0.0000	 0.0000	 0.0000	 0.0004	 0.0000	 0.0004	 0.0306	 0.1307	 0.2492	 0.2186	 0.1550	 0.1008	 0.0589	 0.0302	 0.0143	 0.0077	 0.0033	 
2019.0000	 3.0000	 1.0000	 1.0000	 1.0000	 0.0000	 0.0000	 999.0000	 0.0000	 0.0000	 0.0000	 0.0000	 0.0001	 0.0023	 0.0310	 0.1533	 0.2219	 0.2079	 0.1569	 0.1033	 0.0623	 0.0337	 0.0163	 0.0071	 0.0039	 	 # 0.0000	 0.0000	 0.0000	 0.0000	 0.0000	 0.0010	 0.0317	 0.1543	 0.2469	 0.2189	 0.1479	 0.0994	 0.0512	 0.0266	 0.0162	 0.0047	 0.0014	 
2020.0000	 3.0000	 1.0000	 1.0000	 1.0000	 0.0000	 0.0000	 1104.0000	 0.0000	 0.0000	 0.0000	 0.0000	 0.0001	 0.0020	 0.0285	 0.1497	 0.2252	 0.2129	 0.1599	 0.1039	 0.0613	 0.0321	 0.0149	 0.0062	 0.0033	 	 # 0.0000	 0.0000	 0.0000	 0.0000	 0.0007	 0.0010	 0.0439	 0.1620	 0.2503	 0.2245	 0.1490	 0.0790	 0.0463	 0.0264	 0.0072	 0.0076	 0.0021	 
2021.0000	 3.0000	 1.0000	 1.0000	 1.0000	 0.0000	 0.0000	 970.0000	 0.0000	 0.0000	 0.0000	 0.0000	 0.0001	 0.0018	 0.0256	 0.1369	 0.2150	 0.2141	 0.1683	 0.1125	 0.0665	 0.0343	 0.0155	 0.0062	 0.0031	 	 # 0.0000	 0.0000	 0.0000	 0.0000	 0.0000	 0.0007	 0.0194	 0.1057	 0.2158	 0.2180	 0.1545	 0.1061	 0.0749	 0.0602	 0.0286	 0.0092	 0.0070	 
2022.0000	 3.0000	 1.0000	 1.0000	 1.0000	 0.0000	 0.0000	 703.0000	 0.0000	 0.0000	 0.0000	 0.0000	 0.0001	 0.0015	 0.0224	 0.1261	 0.2056	 0.2112	 0.1727	 0.1204	 0.0737	 0.0387	 0.0175	 0.0069	 0.0033	 	 # 0.0000	 0.0000	 0.0000	 0.0000	 0.0000	 0.0014	 0.0150	 0.1221	 0.2240	 0.2226	 0.1777	 0.1034	 0.0631	 0.0355	 0.0196	 0.0108	 0.0047	 
2023.0000	 3.0000	 1.0000	 1.0000	 1.0000	 0.0000	 0.0000	 1012.0000	 0.0000	 0.0000	 0.0000	 0.0000	 0.0001	 0.0012	 0.0188	 0.1117	 0.1919	 0.2074	 0.1784	 0.1302	 0.0828	 0.0448	 0.0207	 0.0082	 0.0039	 	 # 0.0000	 0.0000	 0.0000	 0.0000	 0.0000	 0.0004	 0.0151	 0.1177	 0.2284	 0.2185	 0.1732	 0.1155	 0.0651	 0.0401	 0.0184	 0.0040	 0.0037	 
1990.0000	 3.0000	 1.0000	 1.0000	 0.0000	 0.0000	 0.0000	 604.0000	 0.0226	 0.0478	 0.0673	 0.0860	 0.1083	 0.1213	 0.1409	 0.1269	 0.1022	 0.0743	 0.0454	 0.0263	 0.0152	 0.0082	 0.0041	 0.0019	 0.0013	 	 # 0.0715	 0.0696	 0.0746	 0.0954	 0.1346	 0.1177	 0.1108	 0.0992	 0.0892	 0.0681	 0.0335	 0.0188	 0.0115	 0.0027	 0.0019	 0.0004	 0.0004	 
1991.0000	 3.0000	 1.0000	 1.0000	 0.0000	 0.0000	 0.0000	 2000.0000	 0.0217	 0.0459	 0.0651	 0.0846	 0.1068	 0.1170	 0.1331	 0.1215	 0.1041	 0.0831	 0.0547	 0.0317	 0.0168	 0.0080	 0.0036	 0.0015	 0.0009	 	 # 0.0404	 0.0538	 0.0675	 0.0727	 0.1001	 0.1332	 0.1338	 0.1253	 0.1004	 0.0788	 0.0386	 0.0252	 0.0192	 0.0055	 0.0024	 0.0021	 0.0009	 
1992.0000	 3.0000	 1.0000	 1.0000	 0.0000	 0.0000	 0.0000	 2000.0000	 0.0310	 0.0652	 0.0878	 0.0982	 0.1070	 0.1060	 0.1202	 0.1082	 0.0920	 0.0744	 0.0505	 0.0303	 0.0165	 0.0077	 0.0032	 0.0012	 0.0006	 	 # 0.0708	 0.0964	 0.0948	 0.1093	 0.1155	 0.0988	 0.0902	 0.0804	 0.0822	 0.0690	 0.0410	 0.0280	 0.0134	 0.0053	 0.0027	 0.0016	 0.0007	 
1994.0000	 3.0000	 1.0000	 1.0000	 0.0000	 0.0000	 0.0000	 584.0000	 0.0249	 0.0524	 0.0708	 0.0808	 0.0932	 0.1042	 0.1314	 0.1278	 0.1088	 0.0842	 0.0554	 0.0333	 0.0184	 0.0088	 0.0036	 0.0013	 0.0006	 	 # 0.0928	 0.0810	 0.1098	 0.0980	 0.1072	 0.1425	 0.1137	 0.0889	 0.0693	 0.0510	 0.0222	 0.0209	 0.0026	 0.0000	 0.0000	 0.0000	 0.0000	 
1995.0000	 3.0000	 1.0000	 1.0000	 0.0000	 0.0000	 0.0000	 2000.0000	 0.0237	 0.0502	 0.0711	 0.0918	 0.1131	 0.1173	 0.1254	 0.1094	 0.0946	 0.0799	 0.0562	 0.0343	 0.0188	 0.0089	 0.0036	 0.0013	 0.0005	 	 # 0.0464	 0.0592	 0.0770	 0.0916	 0.1069	 0.1222	 0.1285	 0.1128	 0.0923	 0.0697	 0.0421	 0.0241	 0.0136	 0.0074	 0.0039	 0.0013	 0.0008	 
1996.0000	 3.0000	 1.0000	 1.0000	 0.0000	 0.0000	 0.0000	 2000.0000	 0.0197	 0.0420	 0.0610	 0.0844	 0.1117	 0.1244	 0.1378	 0.1215	 0.1002	 0.0788	 0.0531	 0.0326	 0.0184	 0.0089	 0.0037	 0.0013	 0.0005	 	 # 0.0335	 0.0452	 0.0626	 0.0812	 0.1040	 0.1290	 0.1343	 0.1194	 0.0980	 0.0753	 0.0489	 0.0300	 0.0186	 0.0100	 0.0060	 0.0024	 0.0015	 
1997.0000	 3.0000	 1.0000	 1.0000	 0.0000	 0.0000	 0.0000	 2000.0000	 0.0258	 0.0544	 0.0742	 0.0864	 0.0994	 0.1054	 0.1252	 0.1193	 0.1036	 0.0831	 0.0559	 0.0338	 0.0188	 0.0090	 0.0038	 0.0014	 0.0006	 	 # 0.0341	 0.0455	 0.0600	 0.0769	 0.0975	 0.1211	 0.1336	 0.1249	 0.1065	 0.0793	 0.0497	 0.0311	 0.0194	 0.0110	 0.0058	 0.0022	 0.0014	 
1998.0000	 3.0000	 1.0000	 1.0000	 0.0000	 0.0000	 0.0000	 2000.0000	 0.0258	 0.0545	 0.0759	 0.0933	 0.1103	 0.1115	 0.1199	 0.1081	 0.0943	 0.0794	 0.0565	 0.0354	 0.0198	 0.0095	 0.0040	 0.0014	 0.0006	 	 # 0.0354	 0.0462	 0.0643	 0.0855	 0.1081	 0.1273	 0.1336	 0.1208	 0.0985	 0.0732	 0.0447	 0.0288	 0.0177	 0.0090	 0.0045	 0.0016	 0.0007	 
1999.0000	 3.0000	 1.0000	 1.0000	 0.0000	 0.0000	 0.0000	 2000.0000	 0.0218	 0.0463	 0.0660	 0.0867	 0.1095	 0.1168	 0.1273	 0.1155	 0.0981	 0.0801	 0.0570	 0.0365	 0.0212	 0.0105	 0.0044	 0.0016	 0.0007	 	 # 0.0287	 0.0346	 0.0415	 0.0612	 0.0860	 0.1153	 0.1422	 0.1396	 0.1206	 0.0913	 0.0587	 0.0350	 0.0228	 0.0127	 0.0062	 0.0026	 0.0009	 
2000.0000	 3.0000	 1.0000	 1.0000	 0.0000	 0.0000	 0.0000	 2000.0000	 0.0211	 0.0447	 0.0629	 0.0797	 0.0990	 0.1079	 0.1246	 0.1203	 0.1062	 0.0877	 0.0627	 0.0403	 0.0235	 0.0118	 0.0051	 0.0019	 0.0008	 	 # 0.0274	 0.0376	 0.0506	 0.0665	 0.0803	 0.1124	 0.1368	 0.1436	 0.1202	 0.0849	 0.0575	 0.0372	 0.0219	 0.0129	 0.0064	 0.0025	 0.0012	 
2001.0000	 3.0000	 1.0000	 1.0000	 0.0000	 0.0000	 0.0000	 2000.0000	 0.0167	 0.0356	 0.0518	 0.0714	 0.0945	 0.1063	 0.1226	 0.1212	 0.1115	 0.0966	 0.0722	 0.0477	 0.0281	 0.0143	 0.0062	 0.0023	 0.0010	 	 # 0.0220	 0.0289	 0.0371	 0.0483	 0.0634	 0.0910	 0.1361	 0.1530	 0.1453	 0.1114	 0.0724	 0.0422	 0.0251	 0.0133	 0.0062	 0.0030	 0.0013	 
2002.0000	 3.0000	 1.0000	 1.0000	 0.0000	 0.0000	 0.0000	 2000.0000	 0.0173	 0.0368	 0.0518	 0.0656	 0.0823	 0.0929	 0.1140	 0.1200	 0.1154	 0.1036	 0.0806	 0.0556	 0.0340	 0.0177	 0.0079	 0.0030	 0.0013	 	 # 0.0191	 0.0254	 0.0315	 0.0388	 0.0542	 0.0869	 0.1183	 0.1508	 0.1493	 0.1279	 0.0883	 0.0513	 0.0326	 0.0148	 0.0073	 0.0024	 0.0010	 
2003.0000	 3.0000	 1.0000	 1.0000	 0.0000	 0.0000	 0.0000	 2000.0000	 0.0142	 0.0304	 0.0442	 0.0610	 0.0810	 0.0920	 0.1090	 0.1144	 0.1137	 0.1077	 0.0889	 0.0644	 0.0410	 0.0222	 0.0102	 0.0040	 0.0018	 	 # 0.0150	 0.0240	 0.0282	 0.0402	 0.0575	 0.0875	 0.1128	 0.1398	 0.1437	 0.1321	 0.0935	 0.0589	 0.0340	 0.0176	 0.0094	 0.0039	 0.0021	 
2004.0000	 3.0000	 1.0000	 1.0000	 0.0000	 0.0000	 0.0000	 2000.0000	 0.0129	 0.0275	 0.0397	 0.0541	 0.0722	 0.0848	 0.1053	 0.1144	 0.1155	 0.1112	 0.0948	 0.0719	 0.0480	 0.0272	 0.0130	 0.0053	 0.0024	 	 # 0.0121	 0.0176	 0.0248	 0.0364	 0.0582	 0.0814	 0.1064	 0.1360	 0.1472	 0.1359	 0.0989	 0.0661	 0.0441	 0.0209	 0.0086	 0.0043	 0.0010	 
2005.0000	 3.0000	 1.0000	 1.0000	 0.0000	 0.0000	 0.0000	 2000.0000	 0.0014	 0.0044	 0.0091	 0.0159	 0.0277	 0.0442	 0.0798	 0.1158	 0.1413	 0.1524	 0.1392	 0.1106	 0.0767	 0.0452	 0.0225	 0.0094	 0.0045	 	 # 0.0064	 0.0088	 0.0101	 0.0155	 0.0293	 0.0413	 0.0790	 0.1347	 0.1556	 0.1595	 0.1348	 0.0908	 0.0690	 0.0365	 0.0177	 0.0074	 0.0036	 
2006.0000	 3.0000	 1.0000	 1.0000	 0.0000	 0.0000	 0.0000	 2000.0000	 0.0011	 0.0037	 0.0081	 0.0173	 0.0348	 0.0565	 0.0881	 0.1135	 0.1309	 0.1416	 0.1323	 0.1079	 0.0771	 0.0470	 0.0242	 0.0105	 0.0053	 	 # 0.0051	 0.0089	 0.0111	 0.0142	 0.0262	 0.0399	 0.0862	 0.1153	 0.1565	 0.1539	 0.1322	 0.1007	 0.0723	 0.0422	 0.0200	 0.0094	 0.0060	 
2007.0000	 3.0000	 1.0000	 1.0000	 0.0000	 0.0000	 0.0000	 2000.0000	 0.0011	 0.0035	 0.0077	 0.0157	 0.0316	 0.0548	 0.0940	 0.1264	 0.1399	 0.1401	 0.1246	 0.1006	 0.0731	 0.0458	 0.0244	 0.0109	 0.0058	 	 # 0.0028	 0.0037	 0.0053	 0.0080	 0.0177	 0.0341	 0.0713	 0.1231	 0.1506	 0.1528	 0.1431	 0.1004	 0.0814	 0.0516	 0.0291	 0.0160	 0.0092	 
2008.0000	 3.0000	 1.0000	 1.0000	 0.0000	 0.0000	 0.0000	 2000.0000	 0.0013	 0.0041	 0.0088	 0.0167	 0.0315	 0.0521	 0.0905	 0.1249	 0.1429	 0.1451	 0.1269	 0.0992	 0.0706	 0.0442	 0.0239	 0.0110	 0.0060	 	 # 0.0042	 0.0053	 0.0083	 0.0120	 0.0231	 0.0430	 0.0794	 0.1247	 0.1522	 0.1534	 0.1287	 0.0972	 0.0722	 0.0483	 0.0249	 0.0144	 0.0089	 
2009.0000	 3.0000	 1.0000	 1.0000	 0.0000	 0.0000	 0.0000	 2000.0000	 0.0012	 0.0039	 0.0084	 0.0173	 0.0342	 0.0567	 0.0932	 0.1237	 0.1400	 0.1436	 0.1266	 0.0986	 0.0694	 0.0431	 0.0233	 0.0108	 0.0061	 	 # 0.0040	 0.0053	 0.0089	 0.0154	 0.0245	 0.0494	 0.0917	 0.1414	 0.1552	 0.1425	 0.1228	 0.0937	 0.0681	 0.0401	 0.0233	 0.0086	 0.0050	 
2010.0000	 3.0000	 1.0000	 1.0000	 0.0000	 0.0000	 0.0000	 2000.0000	 0.0010	 0.0032	 0.0071	 0.0153	 0.0321	 0.0562	 0.0956	 0.1288	 0.1441	 0.1445	 0.1255	 0.0971	 0.0681	 0.0421	 0.0227	 0.0105	 0.0060	 	 # 0.0071	 0.0086	 0.0134	 0.0199	 0.0363	 0.0557	 0.0905	 0.1336	 0.1462	 0.1370	 0.1116	 0.0923	 0.0630	 0.0415	 0.0234	 0.0128	 0.0071	 
2011.0000	 3.0000	 1.0000	 1.0000	 0.0000	 0.0000	 0.0000	 2000.0000	 0.0010	 0.0031	 0.0067	 0.0138	 0.0283	 0.0504	 0.0904	 0.1279	 0.1478	 0.1501	 0.1300	 0.0996	 0.0691	 0.0423	 0.0227	 0.0105	 0.0061	 	 # 0.0049	 0.0070	 0.0101	 0.0137	 0.0219	 0.0395	 0.0838	 0.1439	 0.1563	 0.1476	 0.1252	 0.0924	 0.0665	 0.0441	 0.0242	 0.0122	 0.0068	 
2012.0000	 3.0000	 1.0000	 1.0000	 0.0000	 0.0000	 0.0000	 2000.0000	 0.0010	 0.0031	 0.0067	 0.0137	 0.0276	 0.0483	 0.0856	 0.1217	 0.1445	 0.1518	 0.1348	 0.1044	 0.0724	 0.0441	 0.0234	 0.0108	 0.0063	 	 # 0.0026	 0.0054	 0.0073	 0.0076	 0.0192	 0.0359	 0.0774	 0.1236	 0.1546	 0.1519	 0.1317	 0.1029	 0.0747	 0.0514	 0.0308	 0.0143	 0.0084	 
2013.0000	 3.0000	 1.0000	 1.0000	 0.0000	 0.0000	 0.0000	 2000.0000	 0.0010	 0.0032	 0.0070	 0.0141	 0.0282	 0.0486	 0.0851	 0.1193	 0.1408	 0.1492	 0.1348	 0.1063	 0.0747	 0.0457	 0.0243	 0.0112	 0.0064	 	 # 0.0037	 0.0065	 0.0098	 0.0155	 0.0253	 0.0499	 0.0931	 0.1392	 0.1542	 0.1437	 0.1162	 0.0884	 0.0642	 0.0448	 0.0268	 0.0116	 0.0071	 
2014.0000	 3.0000	 1.0000	 1.0000	 0.0000	 0.0000	 0.0000	 2000.0000	 0.0014	 0.0044	 0.0092	 0.0170	 0.0312	 0.0505	 0.0871	 0.1194	 0.1382	 0.1451	 0.1308	 0.1039	 0.0739	 0.0457	 0.0245	 0.0113	 0.0065	 	 # 0.0039	 0.0058	 0.0096	 0.0161	 0.0267	 0.0469	 0.0892	 0.1198	 0.1478	 0.1396	 0.1215	 0.0950	 0.0723	 0.0499	 0.0311	 0.0152	 0.0096	 
2015.0000	 3.0000	 1.0000	 1.0000	 0.0000	 0.0000	 0.0000	 2000.0000	 0.0018	 0.0057	 0.0120	 0.0221	 0.0396	 0.0606	 0.0968	 0.1229	 0.1346	 0.1371	 0.1214	 0.0956	 0.0680	 0.0423	 0.0228	 0.0106	 0.0061	 	 # 0.0053	 0.0088	 0.0141	 0.0223	 0.0343	 0.0548	 0.0893	 0.1248	 0.1469	 0.1408	 0.1093	 0.0877	 0.0606	 0.0455	 0.0287	 0.0156	 0.0112	 
2016.0000	 3.0000	 1.0000	 1.0000	 0.0000	 0.0000	 0.0000	 2000.0000	 0.0018	 0.0058	 0.0124	 0.0244	 0.0464	 0.0732	 0.1131	 0.1357	 0.1381	 0.1308	 0.1090	 0.0826	 0.0577	 0.0357	 0.0192	 0.0090	 0.0052	 	 # 0.0075	 0.0100	 0.0153	 0.0216	 0.0379	 0.0655	 0.1176	 0.1526	 0.1598	 0.1375	 0.0983	 0.0688	 0.0459	 0.0311	 0.0162	 0.0091	 0.0054	 
2017.0000	 3.0000	 1.0000	 1.0000	 0.0000	 0.0000	 0.0000	 2000.0000	 0.0019	 0.0061	 0.0130	 0.0249	 0.0466	 0.0746	 0.1203	 0.1481	 0.1489	 0.1338	 0.1038	 0.0733	 0.0486	 0.0292	 0.0155	 0.0072	 0.0042	 	 # 0.0076	 0.0101	 0.0157	 0.0214	 0.0369	 0.0682	 0.1194	 0.1588	 0.1667	 0.1464	 0.0999	 0.0618	 0.0392	 0.0213	 0.0119	 0.0077	 0.0071	 
2018.0000	 3.0000	 1.0000	 1.0000	 0.0000	 0.0000	 0.0000	 2000.0000	 0.0020	 0.0062	 0.0132	 0.0256	 0.0481	 0.0767	 0.1227	 0.1505	 0.1523	 0.1374	 0.1044	 0.0703	 0.0439	 0.0249	 0.0127	 0.0057	 0.0033	 	 # 0.0071	 0.0110	 0.0152	 0.0227	 0.0452	 0.0721	 0.1331	 0.1535	 0.1745	 0.1339	 0.0999	 0.0545	 0.0346	 0.0212	 0.0113	 0.0063	 0.0039	 
2019.0000	 3.0000	 1.0000	 1.0000	 0.0000	 0.0000	 0.0000	 2000.0000	 0.0016	 0.0051	 0.0113	 0.0235	 0.0474	 0.0789	 0.1265	 0.1547	 0.1556	 0.1394	 0.1047	 0.0689	 0.0416	 0.0225	 0.0109	 0.0047	 0.0026	 	 # 0.0033	 0.0064	 0.0104	 0.0177	 0.0355	 0.0724	 0.1291	 0.1631	 0.1751	 0.1487	 0.1003	 0.0642	 0.0382	 0.0198	 0.0096	 0.0041	 0.0022	 
2020.0000	 3.0000	 1.0000	 1.0000	 0.0000	 0.0000	 0.0000	 2000.0000	 0.0016	 0.0050	 0.0108	 0.0213	 0.0416	 0.0705	 0.1200	 0.1559	 0.1631	 0.1474	 0.1101	 0.0716	 0.0422	 0.0221	 0.0103	 0.0043	 0.0022	 	 # 0.0051	 0.0062	 0.0121	 0.0182	 0.0413	 0.0661	 0.1343	 0.1738	 0.1839	 0.1381	 0.1008	 0.0532	 0.0347	 0.0164	 0.0089	 0.0039	 0.0029	 
2021.0000	 3.0000	 1.0000	 1.0000	 0.0000	 0.0000	 0.0000	 2000.0000	 0.0012	 0.0039	 0.0087	 0.0186	 0.0384	 0.0663	 0.1115	 0.1475	 0.1610	 0.1533	 0.1199	 0.0801	 0.0474	 0.0245	 0.0111	 0.0044	 0.0022	 	 # 0.0025	 0.0030	 0.0056	 0.0081	 0.0196	 0.0530	 0.1060	 0.1611	 0.1837	 0.1609	 0.1183	 0.0723	 0.0500	 0.0289	 0.0151	 0.0072	 0.0046	 
2022.0000	 3.0000	 1.0000	 1.0000	 0.0000	 0.0000	 0.0000	 2000.0000	 0.0009	 0.0030	 0.0067	 0.0147	 0.0317	 0.0576	 0.1020	 0.1420	 0.1609	 0.1580	 0.1286	 0.0896	 0.0548	 0.0288	 0.0130	 0.0051	 0.0024	 	 # 0.0016	 0.0013	 0.0030	 0.0066	 0.0130	 0.0389	 0.0940	 0.1630	 0.1976	 0.1778	 0.1278	 0.0791	 0.0462	 0.0269	 0.0134	 0.0064	 0.0033	 
2023.0000	 3.0000	 1.0000	 1.0000	 0.0000	 0.0000	 0.0000	 2000.0000	 0.0010	 0.0031	 0.0066	 0.0134	 0.0269	 0.0482	 0.0893	 0.1308	 0.1562	 0.1614	 0.1382	 0.1008	 0.0641	 0.0347	 0.0160	 0.0064	 0.0030	 	 # 0.0019	 0.0024	 0.0038	 0.0086	 0.0179	 0.0454	 0.1128	 0.1659	 0.1838	 0.1601	 0.1198	 0.0795	 0.0526	 0.0271	 0.0119	 0.0044	 0.0022	 

##  Growth data (increment)
# Type of growth increment (0=no growth data;1=size-at-release; 2= size-class-at-release)
3
# nobs_growth
222
# Growth data
 1.0000 1.0000 3.0000 1.0000 1.0000 1.0000 2004.0000 2.0000
 1.0000 1.0000 4.0000 1.0000 1.0000 1.0000 2004.0000 2.0000
 2.0000 1.0000 2.0000 1.0000 1.0000 1.0000 2004.0000 1.0000
 2.0000 1.0000 4.0000 1.0000 1.0000 1.0000 2004.0000 4.0000
 2.0000 1.0000 5.0000 1.0000 1.0000 1.0000 2004.0000 10.0000
 2.0000 1.0000 6.0000 1.0000 1.0000 1.0000 2004.0000 1.0000
 2.0000 1.0000 8.0000 1.0000 1.0000 1.0000 2004.0000 1.0000
 3.0000 1.0000 5.0000 1.0000 1.0000 1.0000 2004.0000 4.0000
 3.0000 1.0000 6.0000 1.0000 1.0000 1.0000 2004.0000 6.0000
 3.0000 1.0000 7.0000 1.0000 1.0000 1.0000 2004.0000 2.0000
 4.0000 1.0000 4.0000 1.0000 1.0000 1.0000 2004.0000 2.0000
 4.0000 1.0000 6.0000 1.0000 1.0000 1.0000 2004.0000 7.0000
 4.0000 1.0000 7.0000 1.0000 1.0000 1.0000 2004.0000 29.0000
 4.0000 1.0000 8.0000 1.0000 1.0000 1.0000 2004.0000 12.0000
 5.0000 1.0000 5.0000 1.0000 1.0000 1.0000 2004.0000 9.0000
 5.0000 1.0000 6.0000 1.0000 1.0000 1.0000 2004.0000 10.0000
 5.0000 1.0000 7.0000 1.0000 1.0000 1.0000 2004.0000 25.0000
 5.0000 1.0000 8.0000 1.0000 1.0000 1.0000 2004.0000 90.0000
 5.0000 1.0000 9.0000 1.0000 1.0000 1.0000 2004.0000 24.0000
 5.0000 1.0000 10.0000 1.0000 1.0000 1.0000 2004.0000 3.0000
 6.0000 1.0000 6.0000 1.0000 1.0000 1.0000 2004.0000 18.0000
 6.0000 1.0000 7.0000 1.0000 1.0000 1.0000 2004.0000 12.0000
 6.0000 1.0000 8.0000 1.0000 1.0000 1.0000 2004.0000 36.0000
 6.0000 1.0000 9.0000 1.0000 1.0000 1.0000 2004.0000 96.0000
 6.0000 1.0000 10.0000 1.0000 1.0000 1.0000 2004.0000 21.0000
 7.0000 1.0000 7.0000 1.0000 1.0000 1.0000 2004.0000 43.0000
 7.0000 1.0000 8.0000 1.0000 1.0000 1.0000 2004.0000 9.0000
 7.0000 1.0000 9.0000 1.0000 1.0000 1.0000 2004.0000 37.0000
 7.0000 1.0000 10.0000 1.0000 1.0000 1.0000 2004.0000 64.0000
 7.0000 1.0000 11.0000 1.0000 1.0000 1.0000 2004.0000 23.0000
 8.0000 1.0000 8.0000 1.0000 1.0000 1.0000 2004.0000 39.0000
 8.0000 1.0000 9.0000 1.0000 1.0000 1.0000 2004.0000 11.0000
 8.0000 1.0000 10.0000 1.0000 1.0000 1.0000 2004.0000 28.0000
 8.0000 1.0000 11.0000 1.0000 1.0000 1.0000 2004.0000 44.0000
 8.0000 1.0000 12.0000 1.0000 1.0000 1.0000 2004.0000 13.0000
 8.0000 1.0000 13.0000 1.0000 1.0000 1.0000 2004.0000 1.0000
 9.0000 1.0000 9.0000 1.0000 1.0000 1.0000 2004.0000 48.0000
 9.0000 1.0000 10.0000 1.0000 1.0000 1.0000 2004.0000 7.0000
 9.0000 1.0000 11.0000 1.0000 1.0000 1.0000 2004.0000 8.0000
 9.0000 1.0000 12.0000 1.0000 1.0000 1.0000 2004.0000 22.0000
 9.0000 1.0000 13.0000 1.0000 1.0000 1.0000 2004.0000 3.0000
 10.0000 1.0000 10.0000 1.0000 1.0000 1.0000 2004.0000 56.0000
 10.0000 1.0000 11.0000 1.0000 1.0000 1.0000 2004.0000 4.0000
 10.0000 1.0000 12.0000 1.0000 1.0000 1.0000 2004.0000 7.0000
 10.0000 1.0000 13.0000 1.0000 1.0000 1.0000 2004.0000 12.0000
 10.0000 1.0000 14.0000 1.0000 1.0000 1.0000 2004.0000 1.0000
 11.0000 1.0000 11.0000 1.0000 1.0000 1.0000 2004.0000 30.0000
 11.0000 1.0000 12.0000 1.0000 1.0000 1.0000 2004.0000 6.0000
 11.0000 1.0000 13.0000 1.0000 1.0000 1.0000 2004.0000 1.0000
 11.0000 1.0000 14.0000 1.0000 1.0000 1.0000 2004.0000 5.0000
 12.0000 1.0000 12.0000 1.0000 1.0000 1.0000 2004.0000 18.0000
 12.0000 1.0000 13.0000 1.0000 1.0000 1.0000 2004.0000 4.0000
 12.0000 1.0000 14.0000 1.0000 1.0000 1.0000 2004.0000 2.0000
 12.0000 1.0000 15.0000 1.0000 1.0000 1.0000 2004.0000 2.0000
 13.0000 1.0000 13.0000 1.0000 1.0000 1.0000 2004.0000 12.0000
 13.0000 1.0000 14.0000 1.0000 1.0000 1.0000 2004.0000 1.0000
 13.0000 1.0000 15.0000 1.0000 1.0000 1.0000 2004.0000 1.0000
 13.0000 1.0000 16.0000 1.0000 1.0000 1.0000 2004.0000 1.0000
 14.0000 1.0000 14.0000 1.0000 1.0000 1.0000 2004.0000 10.0000
 14.0000 1.0000 15.0000 1.0000 1.0000 1.0000 2004.0000 1.0000
 15.0000 1.0000 15.0000 1.0000 1.0000 1.0000 2004.0000 3.0000
 15.0000 1.0000 16.0000 1.0000 1.0000 1.0000 2004.0000 1.0000
 17.0000 1.0000 17.0000 1.0000 1.0000 1.0000 2004.0000 1.0000
 1.0000 1.0000 4.0000 2.0000 1.0000 1.0000 2004.0000 1.0000
 1.0000 1.0000 8.0000 2.0000 1.0000 1.0000 2004.0000 1.0000
 2.0000 1.0000 5.0000 2.0000 1.0000 1.0000 2004.0000 2.0000
 2.0000 1.0000 7.0000 2.0000 1.0000 1.0000 2004.0000 1.0000
 2.0000 1.0000 8.0000 2.0000 1.0000 1.0000 2004.0000 4.0000
 2.0000 1.0000 9.0000 2.0000 1.0000 1.0000 2004.0000 3.0000
 3.0000 1.0000 5.0000 2.0000 1.0000 1.0000 2004.0000 3.0000
 3.0000 1.0000 6.0000 2.0000 1.0000 1.0000 2004.0000 7.0000
 3.0000 1.0000 7.0000 2.0000 1.0000 1.0000 2004.0000 1.0000
 3.0000 1.0000 8.0000 2.0000 1.0000 1.0000 2004.0000 1.0000
 3.0000 1.0000 9.0000 2.0000 1.0000 1.0000 2004.0000 13.0000
 3.0000 1.0000 10.0000 2.0000 1.0000 1.0000 2004.0000 1.0000
 4.0000 1.0000 6.0000 2.0000 1.0000 1.0000 2004.0000 1.0000
 4.0000 1.0000 7.0000 2.0000 1.0000 1.0000 2004.0000 16.0000
 4.0000 1.0000 8.0000 2.0000 1.0000 1.0000 2004.0000 8.0000
 4.0000 1.0000 9.0000 2.0000 1.0000 1.0000 2004.0000 6.0000
 4.0000 1.0000 10.0000 2.0000 1.0000 1.0000 2004.0000 10.0000
 4.0000 1.0000 11.0000 2.0000 1.0000 1.0000 2004.0000 4.0000
 5.0000 1.0000 5.0000 2.0000 1.0000 1.0000 2004.0000 1.0000
 5.0000 1.0000 6.0000 2.0000 1.0000 1.0000 2004.0000 2.0000
 5.0000 1.0000 7.0000 2.0000 1.0000 1.0000 2004.0000 15.0000
 5.0000 1.0000 8.0000 2.0000 1.0000 1.0000 2004.0000 61.0000
 5.0000 1.0000 9.0000 2.0000 1.0000 1.0000 2004.0000 17.0000
 5.0000 1.0000 10.0000 2.0000 1.0000 1.0000 2004.0000 5.0000
 5.0000 1.0000 11.0000 2.0000 1.0000 1.0000 2004.0000 10.0000
 5.0000 1.0000 12.0000 2.0000 1.0000 1.0000 2004.0000 4.0000
 5.0000 1.0000 14.0000 2.0000 1.0000 1.0000 2004.0000 1.0000
 6.0000 1.0000 6.0000 2.0000 1.0000 1.0000 2004.0000 1.0000
 6.0000 1.0000 7.0000 2.0000 1.0000 1.0000 2004.0000 2.0000
 6.0000 1.0000 8.0000 2.0000 1.0000 1.0000 2004.0000 24.0000
 6.0000 1.0000 9.0000 2.0000 1.0000 1.0000 2004.0000 42.0000
 6.0000 1.0000 10.0000 2.0000 1.0000 1.0000 2004.0000 9.0000
 6.0000 1.0000 11.0000 2.0000 1.0000 1.0000 2004.0000 3.0000
 6.0000 1.0000 12.0000 2.0000 1.0000 1.0000 2004.0000 6.0000
 6.0000 1.0000 13.0000 2.0000 1.0000 1.0000 2004.0000 2.0000
 7.0000 1.0000 7.0000 2.0000 1.0000 1.0000 2004.0000 2.0000
 7.0000 1.0000 8.0000 2.0000 1.0000 1.0000 2004.0000 5.0000
 7.0000 1.0000 9.0000 2.0000 1.0000 1.0000 2004.0000 11.0000
 7.0000 1.0000 10.0000 2.0000 1.0000 1.0000 2004.0000 39.0000
 7.0000 1.0000 11.0000 2.0000 1.0000 1.0000 2004.0000 13.0000
 7.0000 1.0000 12.0000 2.0000 1.0000 1.0000 2004.0000 1.0000
 7.0000 1.0000 14.0000 2.0000 1.0000 1.0000 2004.0000 1.0000
 8.0000 1.0000 8.0000 2.0000 1.0000 1.0000 2004.0000 3.0000
 8.0000 1.0000 9.0000 2.0000 1.0000 1.0000 2004.0000 4.0000
 8.0000 1.0000 10.0000 2.0000 1.0000 1.0000 2004.0000 10.0000
 8.0000 1.0000 11.0000 2.0000 1.0000 1.0000 2004.0000 38.0000
 8.0000 1.0000 12.0000 2.0000 1.0000 1.0000 2004.0000 8.0000
 8.0000 1.0000 13.0000 2.0000 1.0000 1.0000 2004.0000 1.0000
 9.0000 1.0000 9.0000 2.0000 1.0000 1.0000 2004.0000 5.0000
 9.0000 1.0000 10.0000 2.0000 1.0000 1.0000 2004.0000 1.0000
 9.0000 1.0000 11.0000 2.0000 1.0000 1.0000 2004.0000 7.0000
 9.0000 1.0000 12.0000 2.0000 1.0000 1.0000 2004.0000 14.0000
 9.0000 1.0000 13.0000 2.0000 1.0000 1.0000 2004.0000 5.0000
 10.0000 1.0000 10.0000 2.0000 1.0000 1.0000 2004.0000 3.0000
 10.0000 1.0000 12.0000 2.0000 1.0000 1.0000 2004.0000 6.0000
 10.0000 1.0000 13.0000 2.0000 1.0000 1.0000 2004.0000 14.0000
 10.0000 1.0000 14.0000 2.0000 1.0000 1.0000 2004.0000 2.0000
 10.0000 1.0000 17.0000 2.0000 1.0000 1.0000 2004.0000 1.0000
 11.0000 1.0000 11.0000 2.0000 1.0000 1.0000 2004.0000 1.0000
 11.0000 1.0000 13.0000 2.0000 1.0000 1.0000 2004.0000 5.0000
 11.0000 1.0000 14.0000 2.0000 1.0000 1.0000 2004.0000 4.0000
 12.0000 1.0000 12.0000 2.0000 1.0000 1.0000 2004.0000 1.0000
 12.0000 1.0000 14.0000 2.0000 1.0000 1.0000 2004.0000 2.0000
 12.0000 1.0000 15.0000 2.0000 1.0000 1.0000 2004.0000 2.0000
 1.0000 1.0000 1.0000 3.0000 1.0000 1.0000 2004.0000 1.0000
 1.0000 1.0000 7.0000 3.0000 1.0000 1.0000 2004.0000 5.0000
 1.0000 1.0000 9.0000 3.0000 1.0000 1.0000 2004.0000 1.0000
 2.0000 1.0000 7.0000 3.0000 1.0000 1.0000 2004.0000 3.0000
 2.0000 1.0000 8.0000 3.0000 1.0000 1.0000 2004.0000 11.0000
 2.0000 1.0000 9.0000 3.0000 1.0000 1.0000 2004.0000 6.0000
 2.0000 1.0000 10.0000 3.0000 1.0000 1.0000 2004.0000 1.0000
 3.0000 1.0000 6.0000 3.0000 1.0000 1.0000 2004.0000 1.0000
 3.0000 1.0000 7.0000 3.0000 1.0000 1.0000 2004.0000 1.0000
 3.0000 1.0000 8.0000 3.0000 1.0000 1.0000 2004.0000 4.0000
 3.0000 1.0000 9.0000 3.0000 1.0000 1.0000 2004.0000 14.0000
 3.0000 1.0000 10.0000 3.0000 1.0000 1.0000 2004.0000 5.0000
 4.0000 1.0000 7.0000 3.0000 1.0000 1.0000 2004.0000 1.0000
 4.0000 1.0000 8.0000 3.0000 1.0000 1.0000 2004.0000 1.0000
 4.0000 1.0000 9.0000 3.0000 1.0000 1.0000 2004.0000 5.0000
 4.0000 1.0000 10.0000 3.0000 1.0000 1.0000 2004.0000 14.0000
 4.0000 1.0000 11.0000 3.0000 1.0000 1.0000 2004.0000 3.0000
 4.0000 1.0000 12.0000 3.0000 1.0000 1.0000 2004.0000 1.0000
 5.0000 1.0000 7.0000 3.0000 1.0000 1.0000 2004.0000 1.0000
 5.0000 1.0000 8.0000 3.0000 1.0000 1.0000 2004.0000 4.0000
 5.0000 1.0000 9.0000 3.0000 1.0000 1.0000 2004.0000 5.0000
 5.0000 1.0000 10.0000 3.0000 1.0000 1.0000 2004.0000 12.0000
 5.0000 1.0000 11.0000 3.0000 1.0000 1.0000 2004.0000 24.0000
 5.0000 1.0000 12.0000 3.0000 1.0000 1.0000 2004.0000 12.0000
 5.0000 1.0000 13.0000 3.0000 1.0000 1.0000 2004.0000 2.0000
 5.0000 1.0000 14.0000 3.0000 1.0000 1.0000 2004.0000 1.0000
 6.0000 1.0000 6.0000 3.0000 1.0000 1.0000 2004.0000 1.0000
 6.0000 1.0000 8.0000 3.0000 1.0000 1.0000 2004.0000 2.0000
 6.0000 1.0000 9.0000 3.0000 1.0000 1.0000 2004.0000 8.0000
 6.0000 1.0000 10.0000 3.0000 1.0000 1.0000 2004.0000 2.0000
 6.0000 1.0000 11.0000 3.0000 1.0000 1.0000 2004.0000 6.0000
 6.0000 1.0000 12.0000 3.0000 1.0000 1.0000 2004.0000 7.0000
 6.0000 1.0000 13.0000 3.0000 1.0000 1.0000 2004.0000 3.0000
 6.0000 1.0000 14.0000 3.0000 1.0000 1.0000 2004.0000 1.0000
 7.0000 1.0000 8.0000 3.0000 1.0000 1.0000 2004.0000 1.0000
 7.0000 1.0000 9.0000 3.0000 1.0000 1.0000 2004.0000 2.0000
 7.0000 1.0000 10.0000 3.0000 1.0000 1.0000 2004.0000 11.0000
 7.0000 1.0000 11.0000 3.0000 1.0000 1.0000 2004.0000 3.0000
 7.0000 1.0000 13.0000 3.0000 1.0000 1.0000 2004.0000 6.0000
 7.0000 1.0000 14.0000 3.0000 1.0000 1.0000 2004.0000 3.0000
 8.0000 1.0000 10.0000 3.0000 1.0000 1.0000 2004.0000 1.0000
 8.0000 1.0000 11.0000 3.0000 1.0000 1.0000 2004.0000 7.0000
 8.0000 1.0000 12.0000 3.0000 1.0000 1.0000 2004.0000 2.0000
 8.0000 1.0000 14.0000 3.0000 1.0000 1.0000 2004.0000 1.0000
 9.0000 1.0000 11.0000 3.0000 1.0000 1.0000 2004.0000 1.0000
 9.0000 1.0000 12.0000 3.0000 1.0000 1.0000 2004.0000 4.0000
 9.0000 1.0000 13.0000 3.0000 1.0000 1.0000 2004.0000 1.0000
 9.0000 1.0000 15.0000 3.0000 1.0000 1.0000 2004.0000 1.0000
 9.0000 1.0000 16.0000 3.0000 1.0000 1.0000 2004.0000 1.0000
 10.0000 1.0000 13.0000 3.0000 1.0000 1.0000 2004.0000 1.0000
 13.0000 1.0000 15.0000 3.0000 1.0000 1.0000 2004.0000 1.0000
 1.0000 1.0000 10.0000 4.0000 1.0000 1.0000 2004.0000 6.0000
 1.0000 1.0000 11.0000 4.0000 1.0000 1.0000 2004.0000 1.0000
 2.0000 1.0000 8.0000 4.0000 1.0000 1.0000 2004.0000 1.0000
 2.0000 1.0000 10.0000 4.0000 1.0000 1.0000 2004.0000 1.0000
 2.0000 1.0000 11.0000 4.0000 1.0000 1.0000 2004.0000 5.0000
 3.0000 1.0000 8.0000 4.0000 1.0000 1.0000 2004.0000 3.0000
 3.0000 1.0000 9.0000 4.0000 1.0000 1.0000 2004.0000 3.0000
 3.0000 1.0000 10.0000 4.0000 1.0000 1.0000 2004.0000 3.0000
 3.0000 1.0000 11.0000 4.0000 1.0000 1.0000 2004.0000 1.0000
 3.0000 1.0000 12.0000 4.0000 1.0000 1.0000 2004.0000 1.0000
 3.0000 1.0000 14.0000 4.0000 1.0000 1.0000 2004.0000 1.0000
 4.0000 1.0000 9.0000 4.0000 1.0000 1.0000 2004.0000 1.0000
 4.0000 1.0000 10.0000 4.0000 1.0000 1.0000 2004.0000 2.0000
 4.0000 1.0000 12.0000 4.0000 1.0000 1.0000 2004.0000 1.0000
 4.0000 1.0000 14.0000 4.0000 1.0000 1.0000 2004.0000 1.0000
 5.0000 1.0000 8.0000 4.0000 1.0000 1.0000 2004.0000 1.0000
 5.0000 1.0000 10.0000 4.0000 1.0000 1.0000 2004.0000 1.0000
 5.0000 1.0000 11.0000 4.0000 1.0000 1.0000 2004.0000 4.0000
 5.0000 1.0000 12.0000 4.0000 1.0000 1.0000 2004.0000 4.0000
 6.0000 1.0000 11.0000 4.0000 1.0000 1.0000 2004.0000 1.0000
 6.0000 1.0000 12.0000 4.0000 1.0000 1.0000 2004.0000 2.0000
 7.0000 1.0000 10.0000 4.0000 1.0000 1.0000 2004.0000 2.0000
 7.0000 1.0000 12.0000 4.0000 1.0000 1.0000 2004.0000 1.0000
 7.0000 1.0000 14.0000 4.0000 1.0000 1.0000 2004.0000 2.0000
 8.0000 1.0000 14.0000 4.0000 1.0000 1.0000 2004.0000 2.0000
 1.0000 1.0000 10.0000 5.0000 1.0000 1.0000 2004.0000 2.0000
 2.0000 1.0000 11.0000 5.0000 1.0000 1.0000 2004.0000 1.0000
 2.0000 1.0000 12.0000 5.0000 1.0000 1.0000 2004.0000 1.0000
 2.0000 1.0000 16.0000 5.0000 1.0000 1.0000 2004.0000 1.0000
 3.0000 1.0000 11.0000 5.0000 1.0000 1.0000 2004.0000 1.0000
 3.0000 1.0000 13.0000 5.0000 1.0000 1.0000 2004.0000 3.0000
 3.0000 1.0000 14.0000 5.0000 1.0000 1.0000 2004.0000 1.0000
 5.0000 1.0000 14.0000 5.0000 1.0000 1.0000 2004.0000 1.0000
 7.0000 1.0000 13.0000 5.0000 1.0000 1.0000 2004.0000 1.0000
 7.0000 1.0000 14.0000 5.0000 1.0000 1.0000 2004.0000 1.0000
 1.0000 1.0000 8.0000 6.0000 1.0000 1.0000 2004.0000 1.0000
 1.0000 1.0000 9.0000 6.0000 1.0000 1.0000 2004.0000 1.0000
 1.0000 1.0000 11.0000 6.0000 1.0000 1.0000 2004.0000 1.0000
 1.0000 1.0000 12.0000 6.0000 1.0000 1.0000 2004.0000 1.0000
 1.0000 1.0000 13.0000 6.0000 1.0000 1.0000 2004.0000 2.0000
 2.0000 1.0000 11.0000 6.0000 1.0000 1.0000 2004.0000 2.0000
 2.0000 1.0000 14.0000 6.0000 1.0000 1.0000 2004.0000 1.0000
 3.0000 1.0000 9.0000 6.0000 1.0000 1.0000 2004.0000 1.0000
 4.0000 1.0000 10.0000 6.0000 1.0000 1.0000 2004.0000 2.0000

# Environmental data
# Number of series
0
# Year ranges
#--none
# Indices
# Index Year Value
#--none

## eof
9999
