2 5
0.2
0.1800  0.02 10.0
1.0220  0.02 10.0
1972 1
1973 1
1974 1
1975 1
1976 1
1977 1
1978 1
1979 1
1980 2
1981 2
1982 2
1983 2
1984 2
1985 1
1986 1
1987 1
1988 1
1989 1
1990 1
1991 1
1992 1
1993 1
1994 1
1995 1
1996 1
1997 1
1998 1
1999 1
2000 1
2001 1
2002 1
2003 1
2004 1
2005 1
2006 1
2007 1
2008 1
2009 1
2010 1
2011 1
2012 1
2013 1
2014 1
2015 1
2016 1
2017 1
2018 1
2019 1
2020 1
2021 1
2022 1
0.9 0.2 5.0
0.7 0.1 5.0
0.5 0.1 5.0
0.38 0.05 4.0
0.25 0.05 4.0
2 3
3 4
4  4
5  4
6  5
7  5
8  5
9  4
10 4
11 3
12 3
13 2
14 2
15 1
1.0000 0.05 5.0
108.881 95.0 140.0
0.15721390 0.0 0.3
0.000000000 0.0 0.3
1.00  0.5 3.0
1.00  0.5 3.0
1.00  0.5 3.0
1.00  0.5 3.0
1.00  0.5 3.0
1.00  0.5 3.0
1.00  0.5 3.0
1.00  0.5 3.0
1.00  0.5 3.0
1.00  0.5 3.0
1.00  0.5 3.0
1.00  0.5 3.0
1.00  0.5 3.0
1.00  0.5 3.0
0.2300  0.02 6.5 0.2  1
0.2300  0.02 6.5 0.2  1
0.2300  0.02 6.5 0.2  1
0.2300  0.02 6.5 0.2  1
0.2300  0.02 6.5 0.2  1
0.2300  0.02 6.5 0.2  1
0.2300  0.02 6.5 0.2  1
1.0480  0.02 6.5 0.2  1
1.0480  0.02 6.5 0.2  2
1.0480  0.02 6.5 0.2  2
1.0480  0.02 6.5 0.2  2
1.0480  0.02 6.5 0.2  2
0.2300  0.02 6.5 0.2  2
0.2300  0.02 6.5 0.2  3
0.2300  0.02 6.5 0.2  3
0.2300  0.02 6.5 0.2  3
0.2300  0.02 6.5 0.2  3
0.2300  0.02 6.5 0.2  3
0.2300  0.02 6.5 0.2  3
0.2300  0.02 6.5 0.2  3
0.2300  0.02 6.5 0.2  2
0.2300  0.02 6.5 0.2  2
0.1600  0.02 6.5 0.2  2
0.1600  0.02 6.5 0.2  2
0.1600  0.02 6.5 0.2  3
0.1600  0.02 6.5 0.2  2
0.1600  0.02 6.5 0.2  3
0.1600  0.02 6.5 0.2  2
0.1600  0.02 6.5 0.2  2
0.1600  0.02 6.5 0.2  2
0.1600  0.02 6.5 0.2  3
0.1600  0.02 6.5 0.2  3
0.1600  0.02 6.5 0.2  3
0.1600  0.02 6.5 0.2  3
0.1600  0.02 6.5 0.2  2
0.1600  0.02 6.5 0.2  2
0.1600  0.02 6.5 0.2  2
0.1600  0.02 6.5 0.2  2
0.1600  0.02 6.5 0.2  2
0.1600  0.02 6.5 0.2  3
0.1600  0.02 6.5 0.2  3
0.1600  0.02 6.5 0.2  3
0.1600  0.02 6.5 0.2  3
0.1600  0.02 6.5 0.2  3
0.1600  0.02 6.5 0.2  3
0.1600  0.02 6.5 0.2  3
0.1600  0.02 6.5 0.2  3
0.1600  0.02 6.5 0.2  3
0.1600  0.02 6.5 0.2  3
0.1600  0.02 6.5 0.2  3
0.1600  0.02 6.5 0.2  3
