3 5
0.2
0.2500 0.02   5.0
1.500 0.02   5.0
0.1500 0.02   5.0
1972 1
1973 1
1974 1
1975 1
1976 1
1977 1
1978 1
1979 1
1980 1
1981 2
1982 2
1983 2
1984 2
1985 3
1986 3
1987 3
1988 3
1989 3
1990 3
1991 3
1992 3
1993 3
1994 3
1995 3
1996 3
1997 3
1998 3
1999 3
2000 3
2001 3
2002 3
2003 3
2004 3
2005 3
2006 3
2007 3
2008 3
2009 3
2010 3
2011 3
2012 3
2013 3
2014 3
2015 3
2016 3
2017 3
2018 3
2019 3
2020 3
2021 3
2022 3
0.9 0.2 5.0
0.7 0.1 5.0
0.5 0.1 5.0
0.38 0.05 4.0
0.25 0.05 4.0
1 3
2 4
3 4
4  5
5  5
6  4
7  3
8  3
9  2
10 2
11 1
1.000 0.05 2.0
109.482 90.0 140.0
0.0665105 0.0 0.1
0.01888606 0.0 0.1
1.00  0.25 0.75
1.00  0.25 0.75
1.00  0.2 0.7
1.00  0.2 0.6
1.00  0.1 0.4
1.00  0.1 0.4
1.00  0.1 0.4
1.00  0.1 0.4
1.00  0.1 0.5
1.00  0.15 0.55
1.00  0.4 0.9
0.47  0.05 6.5 0.2
0.47  0.05 6.5 0.2
0.47  0.05 6.5 0.2
0.47  0.05 6.5 0.2
0.47  0.05 6.5 0.2
0.47  0.05 6.5 0.2
0.47  0.05 6.5 0.2
0.47  0.05 6.5 0.2
0.47  0.05 6.5 0.2
1.70  0.05 6.5 0.2
1.70  0.05 6.5 0.2
1.7   0.05 6.5 0.2
1.7   0.05 6.5 0.2
0.31  0.05 6.5 0.2
0.31  0.05 6.5 0.2
0.31  0.05 6.5 0.2
0.31  0.05 6.5 0.2
0.31  0.05 6.5 0.2
0.31  0.05 6.5 0.2
0.31  0.05 6.5 0.2
0.31  0.05 6.5 0.2
0.31  0.05 6.5 0.2
0.20  0.05 6.5 0.2
0.20  0.05 6.5 0.2
0.20  0.05 6.5 0.2
0.20  0.05 6.5 0.2
0.20  0.05 6.5 0.2
0.20  0.05 6.5 0.2
0.20  0.05 6.5 0.2
0.20  0.05 6.5 0.2
0.20  0.05 6.5 0.2
0.20  0.05 6.5 0.2
0.20  0.05 6.5 0.2
0.20  0.05 6.5 0.2
0.20  0.05 6.5 0.2
0.20  0.05 6.5 0.2
0.20  0.05 6.5 0.2
0.20  0.05 6.5 0.2
0.20  0.05 6.5 0.2
0.20  0.05 6.5 0.2
0.20  0.05 6.5 0.2
0.20  0.05 6.5 0.2
0.20  0.05 6.5 0.2
0.20  0.05 6.5 0.2
0.20  0.05 6.5 0.2
0.20  0.05 6.5 0.2
0.20  0.05 6.5 0.2
0.20  0.05 6.5 0.2
0.20  0.05 6.5 0.2
0.20  0.05 6.5 0.2
0.20  0.05 6.5 0.2