 50
  1         2         3       4           5         6        7         8         9        10       11       12         13        14       15      16        17        18       19       20       21       22      23       24       25      26        27        28      29       30        31       32      33       34        35      36        37       38        39      40       41       42     43        44       45        46      47     48      50      51
 9573.714 10067.49 11208.42 9373.017 20875.700 23172.502 12779.556  2982.591 17565.959 5661.085 10982.463 2833.326 10058.797 2053.864 1295.470 3436.236 3162.568 2840.515  325.917 1803.434 1161.302  921.354 178.176  581.463 1950.742 5644.231  793.986  245.241 1407.130 2626.094 1174.984 3857.253 4004.401 3451.310 3711.633 2698.581 1307.676  762.798  624.484 1510.184 2030.163  453.329 1931.086  440.829  176.168  766.505  365.825  242.305  0.000 174.041
 8511.689 12518.69 13628.07 9498.140 16439.645 26692.648 28104.234  4950.702 10440.985 5493.643  9066.843 2423.767  4918.346 1906.994 1495.324 3305.131 4145.350 2477.573 1176.719 1794.420 1753.585 1622.468 240.967  518.835 1009.526 6919.501 2072.265  414.995 1317.691 3417.197 1499.258 1981.046 6260.037 3965.997 2041.936 4345.277 2375.512 1287.977 1144.296 1865.815 1546.912  732.775 1636.006  413.857  492.812  516.445  952.055  248.439  199.463 418.607
 6889.101 14970.96 14618.96 9697.224 8950.108  23618.969 37039.695  9530.067 12455.444 5859.316  5289.766 1080.548  3688.613 1469.708 1603.346 4230.119 4455.661 2654.409 2763.188 1621.179 1257.276 2403.082 414.195  808.142  974.314 4399.939 7114.472  735.470 1171.362 2541.800 3468.872 2420.713 5573.764 5348.520 2081.252 4243.525 4470.001 2918.113 1957.518 2355.479  967.664 1394.802 2389.716  909.088  485.922  578.980  668.218  302.282  592.434 510.719
 4843.776 10565.18  9089.44 6969.306 4032.825  14956.680 24171.209 11970.445 11574.663 7438.766  4322.280  759.861  1174.369  594.007 1132.758 3074.883 3174.236 2037.969 3364.315 1918.858  989.970 2370.991 838.253  746.751 1097.445 1512.920 7888.390 2294.907 1854.737 1731.352 2661.844 2916.121 3621.349 5822.665 3863.833 2461.043 5679.481 4106.970 3033.792 1455.928 1458.576 1556.967 3732.772 1582.142 1344.148  659.810  775.444  541.783  492.775 572.230
  3779.64 7760.599 8655.628 6168.927 4549.679  14391.332 13454.253 11377.599  9078.849 9610.215  5859.135  300.110   515.309  251.757  464.967 2165.932 2732.379 1443.901 3253.888 1725.535  766.663  997.115 808.638 1065.474  903.263  975.999 4063.009 3585.788 2710.005 1747.137 1977.909 4429.048 2207.773 4802.357 5264.816 4316.274 4396.614 5423.467 4978.234 2578.509 1563.529 1632.677 5761.588 1787.946 2464.010 1578.125  546.293  615.813  314.163 459.461
 3534.164 5600.692 4102.557 3471.797 2202.896  13716.654  9194.744  7335.621  6757.505 9971.271  6411.334  643.316     0.000    0.000  295.536 1328.701 1852.237 1207.065 2910.716 1471.096 1263.402 1111.994 703.411  868.328  721.126  676.396 2072.490 2613.488 3497.899 1276.728 1087.662 4371.609 2121.676 3446.972 4968.212 4647.978 4352.217 4036.184 5127.356 3101.152 1608.215 1104.514 4255.862 2391.003 2696.434 2050.574  467.599  580.330  373.855 450.571
 2868.773 5294.062 4702.143 3378.133 1630.117  10434.396  8164.860  4366.879  2793.115 6322.541  4619.971  400.519   126.595    0.000   32.678  587.619  836.378  745.406 1882.010 2257.753 1141.304  993.329 544.655  744.332 1274.796 1038.509 1725.305 1604.916 3120.338 3034.210 1373.991 2957.004 2516.814 3929.066 3331.848 4857.239 4407.887 3774.386 3761.402 4403.649 2029.359 1095.219 3409.430 2592.709 3529.402 2481.297 1201.903  484.126  514.231 682.813
 2143.478 3379.068 2291.002 2477.117 766.756    4989.460  5367.780  2784.801  2349.713 3132.307  2601.176  430.776    32.444   55.072    0.000  136.208  350.649  246.489  988.385 1216.816  743.827 1005.584 768.319  764.329 1093.900 1018.910 1539.226 1523.370 2168.149 2457.338 1365.348 1818.115 1991.209 3562.786 2419.406 3477.358 4515.223 3272.003 2732.866 3086.968 2916.602 1653.343 2295.587 2060.765 2541.551 2732.058  852.225  892.351  743.252 796.677
 1707.425 2350.443 1734.133  749.146 500.431    3317.940  2715.739  1594.451  1258.100 1775.247  1425.063  158.030    62.242    0.000    0.000   30.237  348.784  158.503  282.939  578.183  594.285 1651.230 911.393  462.207  699.709  779.304 1609.665  891.296 1078.811 1150.341 1472.066 2198.087 1802.665 2333.838 2827.485 2596.826 2783.684 4414.230 2668.842 2779.973 2292.021 1784.341 2981.798 1952.646 2839.198 2374.239  912.567 1328.656  1139.185 1099.487
 1310.273 1870.766 1275.495  620.056 93.712     1083.159  1399.176   551.679   745.235  347.775   542.213   92.129    27.759    0.000   31.218    0.000    0.000    0.000  169.531  360.713  454.092  651.168 566.734  647.525  390.034  596.463 1586.442  550.158  864.270  451.311  474.916 1824.241 1373.033 1693.409 1337.996 1593.293 1838.667 3216.202 2725.453 2093.806 2034.241 1470.320 3858.429 1403.573 2126.778 1755.427  937.965 1137.873  687.501 871.340
 1237.765 1790.915  738.194  721.271 362.155    1513.669  2276.942   740.881   431.476  515.347   194.942    0.000     0.000    0.000    0.000    0.000    0.000    0.000  169.868  140.775  343.330  814.256 623.107  493.009 1057.110 1482.258 2299.460 1203.049 2243.354  898.769  907.465 2900.136 2441.529 2522.400 1497.010 2446.543 1692.658 2940.653 2927.921 3452.305 2785.885 2854.851 6423.895 3177.772 3993.239 3003.046 1425.886 2213.351  1375.146 1598.475
 813.733   807.075  778.143 779.341  1415.043 1850.319  841.291   621.359 2216.934  768.722  327.118   0.000   295.235  164.376  144.526  214.961  114.887   94.606 19.2298   77.342   423.191   91.753    0.000   0.000     2.727   1.9875  70.137  0.84234  40.0976  68.07626   3.0702  253.557   83.8619   101.801    35.0    70.964    44.025   9.208    13.829   8.504    5.785    15.086      6.624   13.578   6.901    25.456   15.026     6.954    3.222  0.000
 723.465 1003.579   946.127 709.286  1107.753 2141.593 1747.881  1013.516 1216.637  747.312  270.660   0.000   244.153  152.099  155.928  205.417  154.434   84.758   38.192  59.267   467.509  284.546    0.000   0.000     0.000   2.730   222.101 1.685     23.530    76.252   1.228   162.743   132.819   160.734    15.7    91.784    31.233   21.504   12.921   7.174    4.717    29.224      8.928   15.228   7.940    18.763   24.041     5.499    2.486  0.000
 585.550 1200.168  1014.919 728.150   692.323 1920.760 2237.894  1576.890 1320.447  775.667  158.784   0.000   140.374  115.466  163.832  264.454  162.221   89.913  179.478  34.794   408.017  449.476    0.000   0.000     0.000   3.480   706.435 0.000      9.819    68.076   1.076   104.393   124.206   189.896    12.2    68.822    51.480   28.672   21.162   5.049    1.958    54.389      8.352   27.410   11.428    7.756   37.264     5.121    4.572  0.000
 411.704  846.973   631.033 573.961   486.724 1219.807 1464.963  1961.245 1285.646  900.155  130.364   0.000   48.604   47.398   115.682  188.730  114.919   73.109  271.353  33.486   230.744  406.414    0.000   0.000     0.000   5.213   898.923 0.000      6.354    45.201   2.608   144.920    82.275   251.342    15.8    46.394    71.255   26.687   42.114   3.255    0.890    58.245     14.832   42.384   11.799    8.631   34.019     8.571    3.694  0.000
 321.257  622.140   600.916 506.141   554.636 1186.239  799.063  1964.790  996.779 1084.876  176.082   0.000   32.191   20.037    48.507  134.732   94.638   50.154  462.315  27.089   196.542  320.009    0.000   0.000     0.000   10.433  594.996 3.366      9.606    41.270   1.994   197.753    45.104   246.925    17.0    61.792    57.836   30.326   54.336   4.320    0.623    39.777     18.864   66.114   19.294   11.571   29.210    11.806    3.765  0.000
 300.392  448.987   284.819 284.536   412.646 1155.991  461.897  1067.250  728.649 1081.178  191.911   0.000   6.375     0.000    33.036   83.098   66.115   41.221  450.831  33.486   138.976  254.712    0.000   0.000     0.000   12.503  322.630 4.209     13.710    68.705   1.690   221.730    53.490   177.561    13.4    84.755    63.565   28.507   63.136   8.308    2.047    29.359     21.168   65.860   31.167   17.387   29.931    10.674    3.629  0.000
 243.836  424.406   326.446 268.790   335.675  968.128  369.603   609.887  316.416  656.212  138.275   0.000   10.064    0.000     3.456   36.100   29.458   24.496  569.415  38.671    97.789  240.077    0.000   0.000     0.000   10.763  333.151 2.524     15.747   109.425   1.228   137.706    54.397   208.170     8.8    96.805    84.282   29.885   68.165  10.379    1.958    25.977     21.456  106.722   45.563   22.328   47.842    11.698    3.829  0.000
 182.188  270.888   159.053 202.355   168.570  468.591  228.605   491.249  234.347  326.159   79.283   0.000   1.559     4.283     1.675    7.967    8.892    7.481  362.962  16.767    97.789  235.011    0.000   0.000     0.000   8.775   225.218 3.366      6.962   111.705   1.537   108.849    47.597   195.302     7.4    79.265    83.733   37.990   48.120   8.665    8.278    34.974     26.064   80.581   57.066   23.079   52.290    16.065    3.829  0.000
 145.125  188.427   120.392  81.727   107.572  300.060  152.768   190.677  133.775  201.572   42.590   0.000   3.527     0.000     0.000    1.852   12.235    6.304  190.962   5.137    62.383  208.273    0.000   0.000     0.000   8.115   200.280 3.366      4.286    51.018   1.690   110.334    36.718   180.454     6.1    56.838    44.731   43.449   43.721   6.804    7.566    37.003     31.537   76.139   43.189   21.828   50.006    19.784    4.236  0.000
 111.369  149.973    88.551  54.027    30.108  110.327   41.002    96.622   80.032   54.190   16.386   0.000   2.111     0.000     3.312    0.000    0.000    0.000   64.900   2.568    28.181  122.149    0.000   0.000     0.000   4.553   131.312 2.524      1.429    22.876   1.537   100.786    36.265   105.760     4.3    36.888    26.132   29.223   41.974   7.065    5.518    29.968     34.849   61.038   21.965   15.261   37.264    17.520    4.301  0.000
 105.206  143.571    51.249  52.859    79.064  129.228   87.491   125.530   48.615   40.945    5.812   0.000   0.000     0.000     0.000    0.000    0.000    0.046   26.708   1.308    11.080  125.527    0.000   0.000     0.000   5.550   150.405 6.733      4.104    33.488   3.227   118.397    73.436   172.840     7.2    51.014    24.563   29.263   38.832  10.867    4.272    38.762     77.473  174.993   41.482   21.640   57.158    33.207   11.895  0.000
  0.1000   0.1000     0.2247  0.2329    0.2795  0.3233    0.2548    0.2493   0.2493   0.2493   0.2356   0.240   0.2712    0.2438    0.2521   0.2493   0.2438   0.2493   0.3507  0.3425    0.3425  0.3452   0.340   0.340     0.340   0.340   0.340   0.300      0.300     0.300   0.300     0.300     0.300     0.300     0.300   0.3       0.3      0.3      0.3     0.3      0.3       0.3        0.3      0.3      0.3      0.3      0.3       0.3       0.3       0.3       0.3
  0.4433   0.3867     0.4969  0.4543    0.4821   0.4784   0.4544    0.4366   0.5273   0.7077   0.2601  0.0001   0.3360    0.4544    0.5236   0.3647   0.1743   0.1926   0.3369  0.3247    0.1833  0.3747   0.0026  0.0020    0.1976  0.2132  0.3557  0.2422     0.1559    0.1633  0.1918    0.2586    0.2606    0.3016    0.2577  0.3339    0.3747   0.3391   0.3456  0.2014   0.1763    0.1847     0.2042   0.2277   0.2104   0.1847   0.1368    0.1350    0.1186    0.0000    0.0000
